Vernier Format 2
rc_prof rogiers.cmbl 24/02/2025 09:45:30 ,
Latest
Time	Potential 1	Potential 2
t	Pot 1	Pot 2
s	V	V

0	-5,19902319902	-5,1746031746
0,0004	-5,18437118437	-5,13553113553
0,0008	-5,1746031746	-5,09645909646
0,0012	-5,15506715507	-5,05738705739
0,0016	-5,13553113553	-5,00854700855
0,002	-5,10622710623	-4,96947496947
0,0024	-5,08669108669	-4,93528693529
0,0028	-5,07203907204	-4,89133089133
0,0032	-5,04273504274	-4,85225885226
0,0036	-5,0231990232	-4,80341880342
0,004	-4,98901098901	-4,75946275946
0,0044	-4,95970695971	-4,69597069597
0,0048	-4,92551892552	-4,64713064713
0,0052	-4,89133089133	-4,60317460317
0,0056	-4,86202686203	-4,54945054945
0,006	-4,82783882784	-4,50549450549
0,0064	-4,79365079365	-4,45177045177
0,0068	-4,75457875458	-4,38827838828
0,0072	-4,71062271062	-4,33455433455
0,0076	-4,66666666667	-4,27106227106
0,008	-4,62759462759	-4,21245421245
0,0084	-4,58852258852	-4,15873015873
0,0088	-4,5347985348	-4,10500610501
0,0092	-4,50549450549	-4,04151404151
0,0096	-4,45177045177	-3,97313797314
0,01	-4,40293040293	-3,90476190476
0,0104	-4,33943833944	-3,83638583639
0,0108	-4,29548229548	-3,76800976801
0,0112	-4,24664224664	-3,7094017094
0,0116	-4,19291819292	-3,63614163614
0,012	-4,14407814408	-3,57264957265
0,0124	-4,08547008547	-3,49938949939
0,0128	-4,02197802198	-3,42612942613
0,0132	-3,96825396825	-3,35286935287
0,0136	-3,89987789988	-3,27472527473
0,014	-3,84126984127	-3,20634920635
0,0144	-3,77777777778	-3,12820512821
0,0148	-3,72405372405	-3,05494505495
0,0152	-3,65079365079	-2,98656898657
0,0156	-3,5873015873	-2,90354090354
0,016	-3,51892551893	-2,8253968254
0,0164	-3,44566544567	-2,73748473748
0,0168	-3,37728937729	-2,65934065934
0,0172	-3,30891330891	-2,57631257631
0,0176	-3,24542124542	-2,49816849817
0,018	-3,17216117216	-2,42979242979
0,0184	-3,0989010989	-2,34188034188
0,0188	-3,02075702076	-2,25885225885
0,0192	-2,9474969475	-2,16605616606
0,0196	-2,86935286935	-2,08302808303
0,02	-2,79120879121	-2,00488400488
0,0204	-2,72283272283	-1,92185592186
0,0208	-2,64957264957	-1,83882783883
0,0212	-2,55677655678	-1,75091575092
0,0216	-2,48351648352	-1,65811965812
0,022	-2,3956043956	-1,57509157509
0,0224	-2,31746031746	-1,48717948718
0,0228	-2,23931623932	-1,39926739927
0,0232	-2,1514041514	-1,31135531136
0,0236	-2,07326007326	-1,2380952381
0,024	-1,99023199023	-1,13553113553
0,0244	-1,9072039072	-1,0525030525
0,0248	-1,81440781441	-0,949938949939
0,0252	-1,73137973138	-0,866910866911
0,0256	-1,64346764347	-0,778998778999
0,026	-1,56043956044	-0,686202686203
0,0264	-1,47252747253	-0,612942612943
0,0268	-1,3894993895	-0,510378510379
0,0272	-1,2967032967	-0,417582417582
0,0276	-1,19902319902	-0,324786324786
0,028	-1,12087912088	-0,241758241758
0,0284	-1,0231990232	-0,153846153846
0,0288	-0,940170940171	-0,0561660561661
0,0292	-0,852258852259	0,017094017094
0,0296	-0,759462759463	0,10989010989
0,03	-0,671550671551	0,202686202686
0,0304	-0,578754578755	0,300366300366
0,0308	-0,485958485958	0,383394383394
0,0312	-0,393162393162	0,471306471306
0,0316	-0,30525030525	0,559218559219
0,032	-0,212454212454	0,642246642247
0,0324	-0,124542124542	0,735042735043
0,0328	-0,031746031746	0,822954822955
0,0332	0,0610500610501	0,920634920635
0,0336	0,148962148962	1,00366300366
0,034	0,246642246642	1,08669108669
0,0344	0,334554334554	1,1746031746
0,0348	0,422466422466	1,25763125763
0,0352	0,515262515263	1,34554334554
0,0356	0,608058608059	1,42857142857
0,036	0,705738705739	1,52136752137
0,0364	0,798534798535	1,60927960928
0,0368	0,891330891331	1,69230769231
0,0372	0,979242979243	1,77045177045
0,0376	1,06227106227	1,85347985348
0,038	1,15018315018	1,93162393162
0,0384	1,24297924298	2,01953601954
0,0388	1,34065934066	2,10256410256
0,0392	1,43833943834	2,19047619048
0,0396	1,52625152625	2,2735042735
0,04	1,61416361416	2,35164835165
0,0404	1,70207570208	2,43467643468
0,0408	1,7851037851	2,50793650794
0,0412	1,8778998779	2,58608058608
0,0416	1,96581196581	2,66910866911
0,042	2,06349206349	2,74236874237
0,0424	2,14652014652	2,82051282051
0,0428	2,23443223443	2,89865689866
0,0432	2,32722832723	2,97191697192
0,0436	2,40048840049	3,04029304029
0,044	2,49816849817	3,11843711844
0,0444	2,5811965812	3,20146520147
0,0448	2,67399267399	3,26984126984
0,0452	2,75702075702	3,3431013431
0,0456	2,84004884005	3,41147741148
0,046	2,92307692308	3,47985347985
0,0464	3,00610500611	3,54334554335
0,0468	3,08913308913	3,61660561661
0,0472	3,16727716728	3,6800976801
0,0476	3,25518925519	3,75335775336
0,048	3,33821733822	3,82173382173
0,0484	3,41636141636	3,88522588523
0,0488	3,49450549451	3,94871794872
0,0492	3,57264957265	4,00244200244
0,0496	3,64590964591	4,06593406593
0,05	3,72405372405	4,12454212454
0,0504	3,80708180708	4,19291819292
0,0508	3,88034188034	4,24664224664
0,0512	3,9536019536	4,30525030525
0,0516	4,02197802198	4,35897435897
0,052	4,09523809524	4,40781440781
0,0524	4,16361416361	4,46642246642
0,0528	4,24175824176	4,52014652015
0,0532	4,31501831502	4,57875457875
0,0536	4,38827838828	4,62759462759
0,054	4,45665445665	4,67643467643
0,0544	4,52014652015	4,72527472527
0,0548	4,58852258852	4,76923076923
0,0552	4,64713064713	4,81318681319
0,0556	4,71550671551	4,85714285714
0,056	4,77411477411	4,90598290598
0,0564	4,84249084249	4,94505494505
0,0568	4,90598290598	4,99389499389
0,0572	4,96459096459	5,03296703297
0,0576	5,02808302808	5,06715506716
0,058	5,07203907204	5,09645909646
0,0584	5,13553113553	5,13553113553
0,0588	5,19902319902	5,17948717949
0,0592	5,26251526252	5,21367521368
0,0596	5,30647130647	5,24786324786
0,06	5,3601953602	5,27228327228
0,0604	5,40903540904	5,30647130647
0,0608	5,44810744811	5,33089133089
0,0612	5,50671550672	5,35531135531
0,0616	5,55555555556	5,38461538462
0,062	5,60927960928	5,40903540904
0,0624	5,64835164835	5,44322344322
0,0628	5,69230769231	5,45787545788
0,0632	5,73137973138	5,47741147741
0,0636	5,76556776557	5,48717948718
0,064	5,80463980464	5,5115995116
0,0644	5,84371184371	5,53601953602
0,0648	5,88766788767	5,5409035409
0,0652	5,92673992674	5,55067155067
0,0656	5,95115995116	5,56532356532
0,066	5,98534798535	5,57509157509
0,0664	6,00976800977	5,57509157509
0,0668	6,03907203907	5,57509157509
0,0672	6,06837606838	5,59462759463
0,0676	6,0927960928	5,58974358974
0,068	6,12698412698	5,6043956044
0,0684	6,14652014652	5,59462759463
0,0688	6,17094017094	5,59951159951
0,0692	6,19047619048	5,59462759463
0,0696	6,20512820513	5,58485958486
0,07	6,21978021978	5,57997557998
0,0704	6,23931623932	5,58485958486
0,0708	6,25396825397	5,57020757021
0,0712	6,2735042735	5,56532356532
0,0716	6,2735042735	5,55067155067
0,072	6,28815628816	5,53113553114
0,0724	6,29304029304	5,52136752137
0,0728	6,30280830281	5,5115995116
0,0732	6,30769230769	5,49694749695
0,0736	6,32234432234	5,4822954823
0,074	6,32722832723	5,45787545788
0,0744	6,32234432234	5,44322344322
0,0748	6,32722832723	5,4188034188
0,0752	6,31257631258	5,38461538462
0,0756	6,31257631258	5,3601953602
0,076	6,30280830281	5,33577533578
0,0764	6,29792429792	5,30647130647
0,0768	6,29304029304	5,27716727717
0,0772	6,27838827839	5,24297924298
0,0776	6,26373626374	5,21367521368
0,078	6,24908424908	5,16483516484
0,0784	6,22954822955	5,13553113553
0,0788	6,22466422466	5,10622710623
0,0792	6,21001221001	5,07692307692
0,0796	6,18559218559	5,03296703297
0,08	6,16605616606	4,99389499389
0,0804	6,1514041514	4,95482295482
0,0808	6,11721611722	4,89621489621
0,0812	6,09768009768	4,85714285714
0,0816	6,06349206349	4,81807081807
0,082	6,04884004884	4,77411477411
0,0824	6,01465201465	4,72039072039
0,0828	5,98534798535	4,67155067155
0,0832	5,95604395604	4,62271062271
0,0836	5,92673992674	4,55921855922
0,084	5,88278388278	4,51526251526
0,0844	5,8485958486	4,46642246642
0,0848	5,81440781441	4,40781440781
0,0852	5,77045177045	4,35897435897
0,0856	5,74114774115	4,29548229548
0,086	5,69230769231	4,23687423687
0,0864	5,65323565324	4,17826617827
0,0868	5,59951159951	4,11477411477
0,0872	5,56043956044	4,05616605617
0,0876	5,51648351648	3,99755799756
0,088	5,46764346764	3,93894993895
0,0884	5,4188034188	3,87057387057
0,0888	5,36996336996	3,79731379731
0,0892	5,31623931624	3,73382173382
0,0896	5,25763125763	3,66056166056
0,09	5,20390720391	3,59706959707
0,0904	5,15018315018	3,52380952381
0,0908	5,09645909646	3,45543345543
0,0912	5,04761904762	3,38217338217
0,0916	4,98412698413	3,31868131868
0,092	4,92063492063	3,24053724054
0,0924	4,85714285714	3,16239316239
0,0928	4,79365079365	3,08913308913
0,0932	4,73504273504	3,01587301587
0,0936	4,67643467643	2,95238095238
0,094	4,61294261294	2,86935286935
0,0944	4,54456654457	2,79120879121
0,0948	4,47619047619	2,71306471306
0,0952	4,40781440781	2,63492063492
0,0956	4,33943833944	2,54700854701
0,096	4,27594627595	2,47374847375
0,0964	4,20268620269	2,40048840049
0,0968	4,12942612943	2,32234432234
0,0972	4,06593406593	2,23931623932
0,0976	3,98778998779	2,15628815629
0,098	3,91941391941	2,06837606838
0,0984	3,83638583639	1,98534798535
0,0988	3,76800976801	1,91208791209
0,0992	3,68986568987	1,83882783883
0,0996	3,61660561661	1,75091575092
0,1	3,53846153846	1,663003663
0,1004	3,46031746032	1,57509157509
0,1008	3,38217338217	1,48717948718
0,1012	3,29426129426	1,39926739927
0,1016	3,21611721612	1,32112332112
0,102	3,14285714286	1,24297924298
0,1024	3,05982905983	1,15506715507
0,1028	2,9768009768	1,06227106227
0,1032	2,89865689866	0,974358974359
0,1036	2,81074481074	0,876678876679
0,104	2,72283272283	0,798534798535
0,1044	2,6398046398	0,705738705739
0,1048	2,55677655678	0,622710622711
0,1052	2,47374847375	0,539682539683
0,1056	2,38583638584	0,456654456654
0,106	2,30280830281	0,368742368742
0,1064	2,2148962149	0,285714285714
0,1068	2,1221001221	0,188034188034
0,1072	2,03907203907	0,100122100122
0,1076	1,95115995116	0,017094017094
0,108	1,87301587302	-0,0659340659341
0,1084	1,78021978022	-0,15873015873
0,1088	1,69230769231	-0,241758241758
0,1092	1,59951159951	-0,339438339438
0,1096	1,50671550672	-0,42735042735
0,11	1,4188034188	-0,510378510379
0,1104	1,33089133089	-0,598290598291
0,1108	1,24786324786	-0,676434676435
0,1112	1,15506715507	-0,764346764347
0,1116	1,06227106227	-0,852258852259
0,112	0,974358974359	-0,940170940171
0,1124	0,876678876679	-1,02808302808
0,1128	0,788766788767	-1,115995116
0,1132	0,695970695971	-1,19902319902
0,1136	0,608058608059	-1,27716727717
0,114	0,525030525031	-1,36507936508
0,1144	0,432234432234	-1,44810744811
0,1148	0,339438339438	-1,5409035409
0,1152	0,246642246642	-1,62393162393
0,1156	0,153846153846	-1,70207570208
0,116	0,0659340659341	-1,78998778999
0,1164	-0,017094017094	-1,86324786325
0,1168	-0,105006105006	-1,94627594628
0,1172	-0,197802197802	-2,0293040293
0,1176	-0,285714285714	-2,11233211233
0,118	-0,37851037851	-2,20024420024
0,1184	-0,47619047619	-2,28815628816
0,1188	-0,559218559219	-2,35653235653
0,1192	-0,652014652015	-2,42979242979
0,1196	-0,735042735043	-2,51282051282
0,12	-0,818070818071	-2,59096459096
0,1204	-0,915750915751	-2,68376068376
0,1208	-1,00366300366	-2,74725274725
0,1212	-1,09157509158	-2,83028083028
0,1216	-1,17948717949	-2,90354090354
0,122	-1,26251526252	-2,9768009768
0,1224	-1,34065934066	-3,05006105006
0,1228	-1,43833943834	-3,12332112332
0,1232	-1,52625152625	-3,19658119658
0,1236	-1,60927960928	-3,26984126984
0,124	-1,70695970696	-3,34798534799
0,1244	-1,7851037851	-3,41636141636
0,1248	-1,86813186813	-3,48962148962
0,1252	-1,94139194139	-3,54822954823
0,1256	-2,0293040293	-3,62148962149
0,126	-2,11233211233	-3,68986568987
0,1264	-2,19536019536	-3,75335775336
0,1268	-2,28327228327	-3,8315018315
0,1272	-2,36141636142	-3,89010989011
0,1276	-2,43956043956	-3,94871794872
0,128	-2,50793650794	-4,01221001221
0,1284	-2,59584859585	-4,06593406593
0,1288	-2,66910866911	-4,13431013431
0,1292	-2,74725274725	-4,19291819292
0,1296	-2,83028083028	-4,25641025641
0,13	-2,90354090354	-4,31013431013
0,1304	-2,97191697192	-4,36874236874
0,1308	-3,04029304029	-4,42246642247
0,1312	-3,11355311355	-4,47130647131
0,1316	-3,18681318681	-4,52503052503
0,132	-3,26007326007	-4,58363858364
0,1324	-3,33333333333	-4,64224664225
0,1328	-3,40170940171	-4,68131868132
0,1332	-3,4652014652	-4,73015873016
0,1336	-3,52869352869	-4,77411477411
0,134	-3,59218559219	-4,82295482295
0,1344	-3,66544566545	-4,86691086691
0,1348	-3,72893772894	-4,91086691087
0,1352	-3,79242979243	-4,96459096459
0,1356	-3,86080586081	-5,00366300366
0,136	-3,91452991453	-5,03785103785
0,1364	-3,96825396825	-5,07692307692
0,1368	-4,02686202686	-5,10622710623
0,1372	-4,08058608059	-5,1452991453
0,1376	-4,13919413919	-5,17948717949
0,138	-4,18803418803	-5,21367521368
0,1384	-4,25641025641	-5,25763125763
0,1388	-4,30525030525	-5,28693528694
0,1392	-4,35409035409	-5,31135531136
0,1396	-4,39316239316	-5,33089133089
0,14	-4,442002442	-5,3601953602
0,1404	-4,49084249084	-5,3894993895
0,1408	-4,53968253968	-5,40903540904
0,1412	-4,58852258852	-5,43833943834
0,1416	-4,62759462759	-5,45787545788
0,142	-4,67155067155	-5,47741147741
0,1424	-4,70573870574	-5,49206349206
0,1428	-4,73992673993	-5,50671550672
0,1432	-4,78388278388	-5,52136752137
0,1436	-4,81807081807	-5,5409035409
0,144	-4,86202686203	-5,56043956044
0,1444	-4,89133089133	-5,56532356532
0,1448	-4,92551892552	-5,57509157509
0,1452	-4,94993894994	-5,57509157509
0,1456	-4,97924297924	-5,58485958486
0,146	-5,00854700855	-5,58974358974
0,1464	-5,03296703297	-5,59951159951
0,1468	-5,05738705739	-5,6043956044
0,1472	-5,08669108669	-5,6043956044
0,1476	-5,11111111111	-5,6043956044
0,148	-5,12576312576	-5,58974358974
0,1484	-5,14041514042	-5,59462759463
0,1488	-5,16483516484	-5,58485958486
0,1492	-5,1746031746	-5,57997557998
0,1496	-5,19413919414	-5,58485958486
0,15	-5,20879120879	-5,56532356532
0,1504	-5,22344322344	-5,55555555556
0,1508	-5,22344322344	-5,53601953602
0,1512	-5,22832722833	-5,52625152625
0,1516	-5,24297924298	-5,51648351648
0,152	-5,25274725275	-5,49694749695
0,1524	-5,26251526252	-5,49206349206
0,1528	-5,27228327228	-5,47252747253
0,1532	-5,27228327228	-5,45299145299
0,1536	-5,27716727717	-5,43345543346
0,154	-5,25763125763	-5,40415140415
0,1544	-5,2673992674	-5,37973137973
0,1548	-5,25274725275	-5,35531135531
0,1552	-5,24786324786	-5,32600732601
0,1556	-5,25274725275	-5,2967032967
0,156	-5,2380952381	-5,27228327228
0,1564	-5,22344322344	-5,23321123321
0,1568	-5,20879120879	-5,20390720391
0,1572	-5,20390720391	-5,16483516484
0,1576	-5,18437118437	-5,13553113553
0,158	-5,1746031746	-5,11111111111
0,1584	-5,15995115995	-5,06715506716
0,1588	-5,14041514042	-5,03296703297
0,1592	-5,115995116	-4,97924297924
0,1596	-5,08669108669	-4,94017094017
0,16	-5,06715506716	-4,89621489621
0,1604	-5,04761904762	-4,85714285714
0,1608	-5,01831501832	-4,81318681319
0,1612	-4,99877899878	-4,76923076923
0,1616	-4,96947496947	-4,72039072039
0,162	-4,93528693529	-4,67155067155
0,1624	-4,9010989011	-4,61294261294
0,1628	-4,86202686203	-4,55921855922
0,1632	-4,83272283272	-4,51037851038
0,1636	-4,79853479853	-4,45665445665
0,164	-4,76434676435	-4,40293040293
0,1644	-4,72527472527	-4,35409035409
0,1648	-4,6862026862	-4,2905982906
0,1652	-4,63736263736	-4,22710622711
0,1656	-4,59829059829	-4,1684981685
0,166	-4,54945054945	-4,10989010989
0,1664	-4,50549450549	-4,0463980464
0,1668	-4,45665445665	-3,98290598291
0,1672	-4,4126984127	-3,9242979243
0,1676	-4,36385836386	-3,85592185592
0,168	-4,31501831502	-3,78754578755
0,1684	-4,25641025641	-3,71916971917
0,1688	-4,1978021978	-3,64590964591
0,1692	-4,15384615385	-3,58241758242
0,1696	-4,09035409035	-3,51404151404
0,17	-4,03663003663	-3,44078144078
0,1704	-3,97802197802	-3,37240537241
0,1708	-3,91452991453	-3,29426129426
0,1712	-3,84615384615	-3,21611721612
0,1716	-3,78754578755	-3,14285714286
0,172	-3,72893772894	-3,06471306471
0,1724	-3,66056166056	-2,99145299145
0,1728	-3,60683760684	-2,91819291819
0,1732	-3,52869352869	-2,84004884005
0,1736	-3,4652014652	-2,7619047619
0,174	-3,38705738706	-2,67399267399
0,1744	-3,32356532357	-2,59584859585
0,1748	-3,25518925519	-2,52258852259
0,1752	-3,17704517705	-2,43956043956
0,1756	-3,11355311355	-2,36141636142
0,176	-3,04029304029	-2,27838827839
0,1764	-2,96703296703	-2,19536019536
0,1768	-2,87912087912	-2,09768009768
0,1772	-2,80586080586	-2,01465201465
0,1776	-2,7326007326	-1,93650793651
0,178	-2,64957264957	-1,8485958486
0,1784	-2,58608058608	-1,77533577534
0,1788	-2,49816849817	-1,67765567766
0,1792	-2,42002442002	-1,59951159951
0,1796	-2,32722832723	-1,50183150183
0,18	-2,24908424908	-1,41391941392
0,1804	-2,17582417582	-1,33089133089
0,1808	-2,08302808303	-1,2380952381
0,1812	-2,01465201465	-1,16483516484
0,1816	-1,92185592186	-1,06715506716
0,182	-1,83394383394	-0,974358974359
0,1824	-1,74603174603	-0,891330891331
0,1828	-1,663003663	-0,798534798535
0,1832	-1,57509157509	-0,710622710623
0,1836	-1,48717948718	-0,617826617827
0,184	-1,40903540904	-0,539682539683
0,1844	-1,31623931624	-0,446886446886
0,1848	-1,22344322344	-0,35409035409
0,1852	-1,13553113553	-0,261294261294
0,1856	-1,04761904762	-0,173382173382
0,186	-0,949938949939	-0,0805860805861
0,1864	-0,866910866911	0,00732600732601
0,1868	-0,778998778999	0,0952380952381
0,1872	-0,691086691087	0,18315018315
0,1876	-0,598290598291	0,275946275946
0,188	-0,505494505495	0,368742368742
0,1884	-0,412698412698	0,456654456654
0,1888	-0,319902319902	0,544566544567
0,1892	-0,23199023199	0,632478632479
0,1896	-0,13431013431	0,720390720391
0,19	-0,0561660561661	0,798534798535
0,1904	0,03663003663	0,891330891331
0,1908	0,13431013431	0,979242979243
0,1912	0,227106227106	1,07203907204
0,1916	0,319902319902	1,15995115995
0,192	0,407814407814	1,24297924298
0,1924	0,500610500611	1,33089133089
0,1928	0,588522588523	1,41391941392
0,1932	0,676434676435	1,49694749695
0,1936	0,769230769231	1,58974358974
0,194	0,862026862027	1,67277167277
0,1944	0,959706959707	1,76068376068
0,1948	1,0525030525	1,83882783883
0,1952	1,13553113553	1,92673992674
0,1956	1,22832722833	2
0,196	1,31623931624	2,08302808303
0,1964	1,40903540904	2,16605616606
0,1968	1,50183150183	2,25885225885
0,1972	1,59462759463	2,33211233211
0,1976	1,68253968254	2,41514041514
0,198	1,77045177045	2,49328449328
0,1984	1,85836385836	2,56166056166
0,1988	1,94627594628	2,64468864469
0,1992	2,03418803419	2,72771672772
0,1996	2,12698412698	2,80586080586
0,2	2,21978021978	2,88888888889
0,2004	2,30280830281	2,95726495726
0,2008	2,39072039072	3,03540903541
0,2012	2,47374847375	3,10378510379
0,2016	2,56166056166	3,17704517705
0,202	2,64468864469	3,25030525031
0,2024	2,73748473748	3,32356532357
0,2028	2,82051282051	3,39682539683
0,2032	2,90842490842	3,4652014652
0,2036	2,99145299145	3,53357753358
0,204	3,0695970696	3,59218559219
0,2044	3,14774114774	3,66544566545
0,2048	3,23076923077	3,73382173382
0,2052	3,3137973138	3,79731379731
0,2056	3,40170940171	3,87057387057
0,206	3,47985347985	3,93406593407
0,2064	3,557997558	3,99267399267
0,2068	3,63614163614	4,06105006105
0,2072	3,7094017094	4,11477411477
0,2076	3,78266178266	4,17826617827
0,208	3,86080586081	4,23687423687
0,2084	3,94383394383	4,29548229548
0,2088	4,01709401709	4,35897435897
0,2092	4,09035409035	4,40293040293
0,2096	4,15873015873	4,46153846154
0,21	4,21733821734	4,50549450549
0,2104	4,29548229548	4,5641025641
0,2108	4,36874236874	4,61294261294
0,2112	4,44688644689	4,66666666667
0,2116	4,50549450549	4,71550671551
0,212	4,57387057387	4,75946275946
0,2124	4,64224664225	4,8083028083
0,2128	4,69108669109	4,84737484737
0,2132	4,76923076923	4,88644688645
0,2136	4,82783882784	4,93528693529
0,214	4,89621489621	4,98412698413
0,2144	4,95482295482	5,0231990232
0,2148	5,01343101343	5,06715506716
0,2152	5,07203907204	5,10134310134
0,2156	5,12576312576	5,13553113553
0,216	5,18437118437	5,15995115995
0,2164	5,23321123321	5,20390720391
0,2168	5,2967032967	5,24297924298
0,2172	5,35042735043	5,2673992674
0,2176	5,40415140415	5,30158730159
0,218	5,45787545788	5,33577533578
0,2184	5,50183150183	5,35531135531
0,2188	5,53601953602	5,37973137973
0,2192	5,59462759463	5,40903540904
0,2196	5,63858363858	5,43345543346
0,22	5,68253968254	5,45787545788
0,2204	5,7264957265	5,47741147741
0,2208	5,76556776557	5,49206349206
0,2212	5,80952380952	5,5115995116
0,2216	5,83882783883	5,51648351648
0,222	5,88278388278	5,53601953602
0,2224	5,9072039072	5,55067155067
0,2228	5,94627594628	5,56532356532
0,2232	5,98046398046	5,57509157509
0,2236	6,00976800977	5,57997557998
0,224	6,04395604396	5,58974358974
0,2244	6,06349206349	5,58485958486
0,2248	6,08791208791	5,58974358974
0,2252	6,11721611722	5,59951159951
0,2256	6,14652014652	5,60927960928
0,226	6,17094017094	5,59462759463
0,2264	6,18559218559	5,59951159951
0,2268	6,2148962149	5,59462759463
0,2272	6,22466422466	5,58485958486
0,2276	6,22954822955	5,57509157509
0,228	6,25396825397	5,57020757021
0,2284	6,26373626374	5,56532356532
0,2288	6,28327228327	5,56043956044
0,2292	6,28327228327	5,5409035409
0,2296	6,29792429792	5,53113553114
0,23	6,30769230769	5,50671550672
0,2304	6,30280830281	5,49694749695
0,2308	6,31257631258	5,4822954823
0,2312	6,31746031746	5,46275946276
0,2316	6,33211233211	5,45299145299
0,232	6,32234432234	5,42368742369
0,2324	6,32234432234	5,39926739927
0,2328	6,31746031746	5,36507936508
0,2332	6,29792429792	5,33577533578
0,2336	6,29304029304	5,30647130647
0,234	6,28815628816	5,28205128205
0,2344	6,28327228327	5,25763125763
0,2348	6,26862026862	5,22344322344
0,2352	6,25885225885	5,18437118437
0,2356	6,2442002442	5,1452991453
0,236	6,21978021978	5,10622710623
0,2364	6,20024420024	5,07203907204
0,2368	6,19047619048	5,03785103785
0,2372	6,17582417582	4,99389499389
0,2376	6,15628815629	4,95970695971
0,238	6,12698412698	4,91575091575
0,2384	6,10256410256	4,86202686203
0,2388	6,06837606838	4,81807081807
0,2392	6,04884004884	4,778998779
0,2396	6,01953601954	4,73015873016
0,24	5,99023199023	4,68131868132
0,2404	5,9706959707	4,63736263736
0,2408	5,93162393162	4,58363858364
0,2412	5,89743589744	4,5347985348
0,2416	5,85347985348	4,47619047619
0,242	5,81929181929	4,42246642247
0,2424	5,7851037851	4,36874236874
0,2428	5,74603174603	4,30525030525
0,2432	5,70695970696	4,25641025641
0,2436	5,663003663	4,19291819292
0,244	5,61904761905	4,13431013431
0,2444	5,56532356532	4,06593406593
0,2448	5,52136752137	4,00244200244
0,2452	5,47741147741	3,94383394383
0,2456	5,42857142857	3,88034188034
0,246	5,38461538462	3,82173382173
0,2464	5,33089133089	3,75335775336
0,2468	5,27228327228	3,6800976801
0,2472	5,21855921856	3,61172161172
0,2476	5,16971916972	3,53357753358
0,248	5,11111111111	3,47008547009
0,2484	5,0525030525	3,39682539683
0,2488	4,99877899878	3,33821733822
0,2492	4,93528693529	3,26007326007
0,2496	4,87667887668	3,18192918193
0,25	4,81318681319	3,10866910867
0,2504	4,74969474969	3,03052503053
0,2508	4,69108669109	2,95726495726
0,2512	4,62759462759	2,87912087912
0,2516	4,55921855922	2,81562881563
0,252	4,49084249084	2,72771672772
0,2524	4,42735042735	2,65445665446
0,2528	4,35897435897	2,57142857143
0,2532	4,28083028083	2,48351648352
0,2536	4,21733821734	2,41025641026
0,254	4,14896214896	2,336996337
0,2544	4,08058608059	2,26373626374
0,2548	4,01221001221	2,17582417582
0,2552	3,93406593407	2,09768009768
0,2556	3,86080586081	2,00976800977
0,256	3,78266178266	1,92185592186
0,2564	3,69963369963	1,83882783883
0,2568	3,63125763126	1,76068376068
0,2572	3,55311355311	1,68742368742
0,2576	3,47985347985	1,59462759463
0,258	3,40170940171	1,51648351648
0,2584	3,31868131868	1,42368742369
0,2588	3,24053724054	1,33577533578
0,2592	3,14774114774	1,24786324786
0,2596	3,07936507937	1,16971916972
0,26	2,99145299145	1,08669108669
0,2604	2,91819291819	0,998778998779
0,2608	2,83516483516	0,910866910867
0,2612	2,74725274725	0,822954822955
0,2616	2,65934065934	0,725274725275
0,262	2,57142857143	0,642246642247
0,2624	2,4884004884	0,559218559219
0,2628	2,40048840049	0,471306471306
0,2632	2,32234432234	0,383394383394
0,2636	2,22954822955	0,295482295482
0,264	2,14163614164	0,20757020757
0,2644	2,05860805861	0,119658119658
0,2648	1,96092796093	0,026862026862
0,2652	1,8778998779	-0,0561660561661
0,2656	1,78998778999	-0,139194139194
0,266	1,71184371184	-0,227106227106
0,2664	1,61904761905	-0,315018315018
0,2668	1,53113553114	-0,40293040293
0,2672	1,44322344322	-0,490842490842
0,2676	1,34554334554	-0,578754578755
0,268	1,25763125763	-0,671550671551
0,2684	1,1746031746	-0,749694749695
0,2688	1,08180708181	-0,832722832723
0,2692	0,993894993895	-0,920634920635
0,2696	0,905982905983	-1,00366300366
0,27	0,813186813187	-1,09645909646
0,2704	0,715506715507	-1,17948717949
0,2708	0,627594627595	-1,2673992674
0,2712	0,539682539683	-1,35042735043
0,2716	0,446886446886	-1,43345543346
0,272	0,363858363858	-1,52136752137
0,2724	0,271062271062	-1,59951159951
0,2728	0,173382173382	-1,69230769231
0,2732	0,0805860805861	-1,77533577534
0,2736	-0,00732600732601	-1,85836385836
0,274	-0,0903540903541	-1,93650793651
0,2744	-0,18315018315	-2,01465201465
0,2748	-0,266178266178	-2,09768009768
0,2752	-0,358974358974	-2,18070818071
0,2756	-0,446886446886	-2,25885225885
0,276	-0,539682539683	-2,336996337
0,2764	-0,632478632479	-2,42490842491
0,2768	-0,720390720391	-2,50305250305
0,2772	-0,808302808303	-2,57631257631
0,2776	-0,891330891331	-2,64957264957
0,278	-0,984126984127	-2,72771672772
0,2784	-1,07203907204	-2,81074481074
0,2788	-1,16483516484	-2,88888888889
0,2792	-1,24786324786	-2,96703296703
0,2796	-1,34065934066	-3,04029304029
0,28	-1,42857142857	-3,10866910867
0,2804	-1,50183150183	-3,18192918193
0,2808	-1,59462759463	-3,25518925519
0,2812	-1,67765567766	-3,32844932845
0,2816	-1,76068376068	-3,40170940171
0,282	-1,8485958486	-3,47496947497
0,2824	-1,93162393162	-3,54334554335
0,2828	-2,01953601954	-3,61172161172
0,2832	-2,0927960928	-3,67032967033
0,2836	-2,17582417582	-3,73870573871
0,284	-2,25396825397	-3,80708180708
0,2844	-2,34188034188	-3,87057387057
0,2848	-2,42490842491	-3,94871794872
0,2852	-2,50305250305	-4,00732600733
0,2856	-2,58608058608	-4,06593406593
0,286	-2,65445665446	-4,11965811966
0,2864	-2,7326007326	-4,18315018315
0,2868	-2,81074481074	-4,24175824176
0,2872	-2,884004884	-4,29548229548
0,2876	-2,95726495726	-4,36385836386
0,288	-3,04029304029	-4,41758241758
0,2884	-3,10866910867	-4,47130647131
0,2888	-3,16727716728	-4,52503052503
0,2892	-3,24542124542	-4,56898656899
0,2896	-3,3137973138	-4,62271062271
0,29	-3,38705738706	-4,67643467643
0,2904	-3,45054945055	-4,73015873016
0,2908	-3,52380952381	-4,76923076923
0,2912	-3,59218559219	-4,81807081807
0,2916	-3,65567765568	-4,86202686203
0,292	-3,70451770452	-4,90598290598
0,2924	-3,77289377289	-4,94505494505
0,2928	-3,83638583639	-4,99389499389
0,2932	-3,89987789988	-5,03785103785
0,2936	-3,96336996337	-5,07203907204
0,294	-4,02197802198	-5,11111111111
0,2944	-4,0757020757	-5,1452991453
0,2948	-4,12942612943	-5,1746031746
0,2952	-4,18315018315	-5,20879120879
0,2956	-4,23687423687	-5,24297924298
0,296	-4,28571428571	-5,27716727717
0,2964	-4,34920634921	-5,31135531136
0,2968	-4,39316239316	-5,33577533578
0,2972	-4,442002442	-5,35531135531
0,2976	-4,48107448107	-5,38461538462
0,298	-4,52991452991	-5,40415140415
0,2984	-4,56898656899	-5,42857142857
0,2988	-4,61782661783	-5,44810744811
0,2992	-4,67155067155	-5,47741147741
0,2996	-4,70573870574	-5,49694749695
0,3	-4,74481074481	-5,5115995116
0,3004	-4,778998779	-5,52625152625
0,3008	-4,81318681319	-5,53601953602
0,3012	-4,85225885226	-5,54578754579
0,3016	-4,88156288156	-5,56043956044
0,302	-4,91086691087	-5,57020757021
0,3024	-4,95482295482	-5,58485958486
0,3028	-4,97924297924	-5,58485958486
0,3032	-4,99877899878	-5,58974358974
0,3036	-5,02808302808	-5,59462759463
0,304	-5,05738705739	-5,59462759463
0,3044	-5,07692307692	-5,59951159951
0,3048	-5,11111111111	-5,59462759463
0,3052	-5,12576312576	-5,59951159951
0,3056	-5,14041514042	-5,58974358974
0,306	-5,15995115995	-5,58974358974
0,3064	-5,1746031746	-5,57509157509
0,3068	-5,18437118437	-5,57020757021
0,3072	-5,19902319902	-5,56532356532
0,3076	-5,21855921856	-5,56043956044
0,308	-5,22832722833	-5,55067155067
0,3084	-5,2380952381	-5,5409035409
0,3088	-5,24297924298	-5,52136752137
0,3092	-5,24786324786	-5,49206349206
0,3096	-5,24786324786	-5,48717948718
0,31	-5,26251526252	-5,47252747253
0,3104	-5,2673992674	-5,45299145299
0,3108	-5,27716727717	-5,44322344322
0,3112	-5,27228327228	-5,40903540904
0,3116	-5,26251526252	-5,38461538462
0,312	-5,25763125763	-5,35042735043
0,3124	-5,24297924298	-5,32112332112
0,3128	-5,24297924298	-5,30158730159
0,3132	-5,2380952381	-5,2673992674
0,3136	-5,22832722833	-5,24786324786
0,314	-5,21855921856	-5,21367521368
0,3144	-5,20390720391	-5,1746031746
0,3148	-5,18925518926	-5,13553113553
0,3152	-5,16971916972	-5,10134310134
0,3156	-5,15506715507	-5,06715506716
0,316	-5,14041514042	-5,02808302808
0,3164	-5,115995116	-4,99877899878
0,3168	-5,10622710623	-4,95482295482
0,3172	-5,07692307692	-4,90598290598
0,3176	-5,04761904762	-4,86691086691
0,318	-5,0231990232	-4,81318681319
0,3184	-4,99389499389	-4,76923076923
0,3188	-4,96947496947	-4,72527472527
0,3192	-4,94017094017	-4,68131868132
0,3196	-4,91086691087	-4,62759462759
0,32	-4,87667887668	-4,57387057387
0,3204	-4,84249084249	-4,52503052503
0,3208	-4,80341880342	-4,46642246642
0,3212	-4,76434676435	-4,4126984127
0,3216	-4,72527472527	-4,35409035409
0,322	-4,6862026862	-4,30525030525
0,3224	-4,65201465201	-4,24664224664
0,3228	-4,60805860806	-4,18803418803
0,3232	-4,55921855922	-4,11965811966
0,3236	-4,51037851038	-4,06105006105
0,324	-4,46642246642	-3,99267399267
0,3244	-4,41758241758	-3,92918192918
0,3248	-4,36874236874	-3,86568986569
0,3252	-4,32478632479	-3,8021978022
0,3256	-4,27106227106	-3,73870573871
0,326	-4,20757020757	-3,66056166056
0,3264	-4,15873015873	-3,59218559219
0,3268	-4,09523809524	-3,51892551893
0,3272	-4,04151404151	-3,45543345543
0,3276	-3,98778998779	-3,38217338217
0,328	-3,93406593407	-3,31868131868
0,3284	-3,87057387057	-3,23565323565
0,3288	-3,80708180708	-3,15750915751
0,3292	-3,73870573871	-3,08424908425
0,3296	-3,67032967033	-3,00610500611
0,33	-3,60683760684	-2,92796092796
0,3304	-3,54822954823	-2,8547008547
0,3308	-3,47985347985	-2,77167277167
0,3312	-3,41147741148	-2,69841269841
0,3316	-3,33821733822	-2,61538461538
0,332	-3,26984126984	-2,53235653236
0,3324	-3,19658119658	-2,44444444444
0,3328	-3,11843711844	-2,3663003663
0,3332	-3,05006105006	-2,28815628816
0,3336	-2,98168498168	-2,20512820513
0,334	-2,90354090354	-2,12698412698
0,3344	-2,83028083028	-2,03907203907
0,3348	-2,74725274725	-1,95115995116
0,3352	-2,66910866911	-1,86324786325
0,3356	-2,58608058608	-1,78021978022
0,336	-2,50793650794	-1,68742368742
0,3364	-2,42979242979	-1,60927960928
0,3368	-2,35653235653	-1,52625152625
0,3372	-2,26862026862	-1,43345543346
0,3376	-2,19047619048	-1,35042735043
0,338	-2,09768009768	-1,25274725275
0,3384	-2,01465201465	-1,16971916972
0,3388	-1,93650793651	-1,08180708181
0,3392	-1,8485958486	-0,993894993895
0,3396	-1,77045177045	-0,905982905983
0,34	-1,68253968254	-0,822954822955
0,3404	-1,59462759463	-0,735042735043
0,3408	-1,50671550672	-0,632478632479
0,3412	-1,41391941392	-0,544566544567
0,3416	-1,32600732601	-0,456654456654
0,342	-1,2380952381	-0,368742368742
0,3424	-1,15506715507	-0,285714285714
0,3428	-1,07692307692	-0,197802197802
0,3432	-0,984126984127	-0,100122100122
0,3436	-0,886446886447	-0,00732600732601
0,344	-0,788766788767	0,0805860805861
0,3444	-0,710622710623	0,163614163614
0,3448	-0,612942612943	0,251526251526
0,3452	-0,520146520147	0,339438339438
0,3456	-0,442002442002	0,432234432234
0,346	-0,349206349206	0,520146520147
0,3464	-0,246642246642	0,612942612943
0,3468	-0,15873015873	0,705738705739
0,3472	-0,0659340659341	0,788766788767
0,3476	0,017094017094	0,876678876679
0,348	0,114774114774	0,959706959707
0,3484	0,197802197802	1,04761904762
0,3488	0,285714285714	1,13553113553
0,3492	0,383394383394	1,22344322344
0,3496	0,481074481074	1,31135531136
0,35	0,568986568987	1,39926739927
0,3504	0,666666666667	1,48717948718
0,3508	0,754578754579	1,55555555556
0,3512	0,832722832723	1,64346764347
0,3516	0,930402930403	1,73137973138
0,352	1,03296703297	1,81929181929
0,3524	1,12087912088	1,9072039072
0,3528	1,21367521368	1,99023199023
0,3532	1,30158730159	2,07326007326
0,3536	1,39438339438	2,1514041514
0,354	1,47252747253	2,22954822955
0,3544	1,56532356532	2,31257631258
0,3548	1,663003663	2,3956043956
0,3552	1,76068376068	2,47374847375
0,3556	1,83882783883	2,55189255189
0,356	1,93650793651	2,63492063492
0,3564	2,01465201465	2,70818070818
0,3568	2,10744810745	2,78144078144
0,3572	2,19536019536	2,85958485958
0,3576	2,27838827839	2,94261294261
0,358	2,37118437118	3,01098901099
0,3584	2,45421245421	3,09401709402
0,3588	2,54700854701	3,16239316239
0,3592	2,63003663004	3,23565323565
0,3596	2,70818070818	3,30891330891
0,36	2,79120879121	3,37240537241
0,3604	2,884004884	3,44566544567
0,3608	2,96703296703	3,52380952381
0,3612	3,05494505495	3,59218559219
0,3616	3,13797313797	3,65567765568
0,362	3,21611721612	3,72405372405
0,3624	3,29426129426	3,78754578755
0,3628	3,37240537241	3,84126984127
0,3632	3,45543345543	3,91452991453
0,3636	3,53357753358	3,97802197802
0,364	3,62148962149	4,0463980464
0,3644	3,69474969475	4,10500610501
0,3648	3,76800976801	4,15873015873
0,3652	3,84615384615	4,21733821734
0,3656	3,91452991453	4,26617826618
0,366	3,99755799756	4,33455433455
0,3664	4,07081807082	4,38827838828
0,3668	4,14407814408	4,45665445665
0,3672	4,21245421245	4,49572649573
0,3676	4,28571428571	4,55433455433
0,368	4,34920634921	4,59829059829
0,3684	4,41758241758	4,64713064713
0,3688	4,48107448107	4,69597069597
0,3692	4,55433455433	4,73992673993
0,3696	4,62271062271	4,80341880342
0,37	4,69108669109	4,84249084249
0,3704	4,75457875458	4,88156288156
0,3708	4,81318681319	4,9304029304
0,3712	4,87667887668	4,96459096459
0,3716	4,93528693529	5,00366300366
0,372	4,99389499389	5,04761904762
0,3724	5,05738705739	5,09645909646
0,3728	5,12087912088	5,13064713065
0,3732	5,1746031746	5,15995115995
0,3736	5,22832722833	5,19902319902
0,374	5,27716727717	5,22344322344
0,3744	5,33089133089	5,26251526252
0,3748	5,38461538462	5,2967032967
0,3752	5,43833943834	5,32600732601
0,3756	5,49206349206	5,35042735043
0,376	5,53601953602	5,37484737485
0,3764	5,58485958486	5,40415140415
0,3768	5,62393162393	5,41391941392
0,3772	5,663003663	5,44322344322
0,3776	5,70695970696	5,46764346764
0,378	5,76068376068	5,4822954823
0,3784	5,79975579976	5,50671550672
0,3788	5,83394383394	5,52625152625
0,3792	5,86324786325	5,53113553114
0,3796	5,90231990232	5,5409035409
0,38	5,92673992674	5,55067155067
0,3804	5,96581196581	5,56043956044
0,3808	6,00488400488	5,57997557998
0,3812	6,03907203907	5,58485958486
0,3816	6,06837606838	5,59462759463
0,382	6,08302808303	5,59462759463
0,3824	6,11233211233	5,59951159951
0,3828	6,12698412698	5,58974358974
0,3832	6,1514041514	5,58974358974
0,3836	6,17582417582	5,59951159951
0,384	6,20024420024	5,59462759463
0,3844	6,2148962149	5,59462759463
0,3848	6,23443223443	5,57997557998
0,3852	6,24908424908	5,57509157509
0,3856	6,2442002442	5,55555555556
0,386	6,2735042735	5,55067155067
0,3864	6,28327228327	5,53601953602
0,3868	6,29792429792	5,53113553114
0,3872	6,30280830281	5,51648351648
0,3876	6,30769230769	5,50183150183
0,388	6,31746031746	5,49206349206
0,3884	6,31257631258	5,46764346764
0,3888	6,32234432234	5,44810744811
0,3892	6,32234432234	5,42368742369
0,3896	6,32234432234	5,40415140415
0,39	6,31746031746	5,37973137973
0,3904	6,30769230769	5,34554334554
0,3908	6,29792429792	5,32112332112
0,3912	6,29792429792	5,28693528694
0,3916	6,27838827839	5,25274725275
0,392	6,26862026862	5,22344322344
0,3924	6,25885225885	5,19902319902
0,3928	6,24908424908	5,15995115995
0,3932	6,23443223443	5,12087912088
0,3936	6,2148962149	5,08669108669
0,394	6,19536019536	5,0525030525
0,3944	6,17582417582	5,00366300366
0,3948	6,15628815629	4,96459096459
0,3952	6,13186813187	4,9304029304
0,3956	6,11233211233	4,89133089133
0,396	6,08791208791	4,84249084249
0,3964	6,05372405372	4,79365079365
0,3968	6,0293040293	4,74969474969
0,3972	5,99511599512	4,69597069597
0,3976	5,9706959707	4,65201465201
0,398	5,93162393162	4,60317460317
0,3984	5,91697191697	4,54456654457
0,3988	5,8778998779	4,49572649573
0,3992	5,83882783883	4,442002442
0,3996	5,78998778999	4,37851037851
0,4	5,7557997558	4,3199023199
0,4004	5,71184371184	4,26617826618
0,4008	5,67765567766	4,20757020757
0,4012	5,6336996337	4,15384615385
0,4016	5,58485958486	4,09035409035
0,402	5,5409035409	4,02197802198
0,4024	5,49694749695	3,96336996337
0,4028	5,43833943834	3,89010989011
0,4032	5,3894993895	3,82661782662
0,4036	5,33577533578	3,75824175824
0,404	5,2967032967	3,69474969475
0,4044	5,23321123321	3,63125763126
0,4048	5,18925518926	3,557997558
0,4052	5,12576312576	3,48962148962
0,4056	5,06715506716	3,41636141636
0,406	5,00854700855	3,34798534799
0,4064	4,94505494505	3,27960927961
0,4068	4,89621489621	3,20146520147
0,4072	4,83760683761	3,13308913309
0,4076	4,77411477411	3,05982905983
0,408	4,70573870574	2,9768009768
0,4084	4,64224664225	2,89865689866
0,4088	4,56898656899	2,82051282051
0,4092	4,51037851038	2,74725274725
0,4096	4,44688644689	2,67399267399
0,41	4,37851037851	2,59584859585
0,4104	4,30525030525	2,51282051282
0,4108	4,24664224664	2,43956043956
0,4112	4,15873015873	2,34676434676
0,4116	4,09035409035	2,2735042735
0,412	4,01709401709	2,19047619048
0,4124	3,9536019536	2,11233211233
0,4128	3,88034188034	2,03418803419
0,4132	3,80708180708	1,95115995116
0,4136	3,72893772894	1,86813186813
0,414	3,65079365079	1,78021978022
0,4144	3,57753357753	1,69719169719
0,4148	3,49450549451	1,61416361416
0,4152	3,41636141636	1,53113553114
0,4156	3,33333333333	1,45299145299
0,416	3,26495726496	1,36996336996
0,4164	3,17704517705	1,27716727717
0,4168	3,10378510379	1,19902319902
0,4172	3,01587301587	1,09645909646
0,4176	2,93284493284	1,01343101343
0,418	2,84981684982	0,930402930403
0,4184	2,77167277167	0,847374847375
0,4188	2,68864468864	0,759462759463
0,4192	2,60073260073	0,671550671551
0,4196	2,5177045177	0,583638583639
0,42	2,42979242979	0,490842490842
0,4204	2,336996337	0,398046398046
0,4208	2,25396825397	0,319902319902
0,4212	2,17094017094	0,241758241758
0,4216	2,08302808303	0,144078144078
0,422	1,99511599512	0,0561660561661
0,4224	1,9072039072	-0,026862026862
0,4228	1,81929181929	-0,119658119658
0,4232	1,7264957265	-0,202686202686
0,4236	1,6336996337	-0,290598290598
0,424	1,54578754579	-0,37851037851
0,4244	1,46764346764	-0,466422466422
0,4248	1,37973137973	-0,549450549451
0,4252	1,28205128205	-0,637362637363
0,4256	1,19413919414	-0,730158730159
0,426	1,09645909646	-0,818070818071
0,4264	1,00854700855	-0,901098901099
0,4268	0,925518925519	-0,989010989011
0,4272	0,837606837607	-1,06715506716
0,4276	0,749694749695	-1,15995115995
0,428	0,652014652015	-1,24297924298
0,4284	0,568986568987	-1,33089133089
0,4288	0,471306471306	-1,42368742369
0,4292	0,37851037851	-1,50183150183
0,4296	0,290598290598	-1,57997557998
0,43	0,20757020757	-1,663003663
0,4304	0,10989010989	-1,74603174603
0,4308	0,021978021978	-1,83394383394
0,4312	-0,0659340659341	-1,91697191697
0,4316	-0,15873015873	-2
0,432	-0,25641025641	-2,08302808303
0,4324	-0,339438339438	-2,16117216117
0,4328	-0,422466422466	-2,23931623932
0,4332	-0,515262515263	-2,32234432234
0,4336	-0,608058608059	-2,3956043956
0,434	-0,695970695971	-2,47863247863
0,4344	-0,783882783883	-2,57142857143
0,4348	-0,876678876679	-2,6398046398
0,4352	-0,959706959707	-2,71794871795
0,4356	-1,04761904762	-2,78632478632
0,436	-1,13064713065	-2,86446886447
0,4364	-1,22344322344	-2,9474969475
0,4368	-1,31135531136	-3,01587301587
0,4372	-1,40903540904	-3,0989010989
0,4376	-1,48717948718	-3,17216117216
0,438	-1,57020757021	-3,24053724054
0,4384	-1,65811965812	-3,30402930403
0,4388	-1,74114774115	-3,37728937729
0,4392	-1,82417582418	-3,45054945055
0,4396	-1,9072039072	-3,51892551893
0,44	-1,99511599512	-3,59218559219
0,4404	-2,07814407814	-3,66056166056
0,4408	-2,16605616606	-3,72893772894
0,4412	-2,2442002442	-3,79242979243
0,4416	-2,31746031746	-3,85103785104
0,442	-2,3956043956	-3,91941391941
0,4424	-2,47374847375	-3,98778998779
0,4428	-2,56166056166	-4,0463980464
0,4432	-2,6398046398	-4,11965811966
0,4436	-2,72283272283	-4,17338217338
0,444	-2,79609279609	-4,22710622711
0,4444	-2,86446886447	-4,28083028083
0,4448	-2,93772893773	-4,34432234432
0,4452	-3,01098901099	-4,39804639805
0,4456	-3,07936507937	-4,45177045177
0,446	-3,15750915751	-4,51526251526
0,4464	-3,23565323565	-4,56898656899
0,4468	-3,30402930403	-4,60805860806
0,4472	-3,36752136752	-4,6568986569
0,4476	-3,43101343101	-4,71062271062
0,448	-3,50427350427	-4,76434676435
0,4484	-3,56288156288	-4,8083028083
0,4488	-3,64102564103	-4,85714285714
0,4492	-3,69963369963	-4,9010989011
0,4496	-3,75824175824	-4,94017094017
0,45	-3,82173382173	-4,96947496947
0,4504	-3,88034188034	-5,01831501832
0,4508	-3,93894993895	-5,05738705739
0,4512	-4,00244200244	-5,09645909646
0,4516	-4,06105006105	-5,14041514042
0,452	-4,11965811966	-5,1746031746
0,4524	-4,17338217338	-5,20390720391
0,4528	-4,22222222222	-5,23321123321
0,4532	-4,27594627595	-5,26251526252
0,4536	-4,32478632479	-5,2967032967
0,454	-4,37851037851	-5,32600732601
0,4544	-4,42246642247	-5,3601953602
0,4548	-4,48107448107	-5,38461538462
0,4552	-4,52503052503	-5,40415140415
0,4556	-4,5641025641	-5,41391941392
0,456	-4,59829059829	-5,43833943834
0,4564	-4,64713064713	-5,46764346764
0,4568	-4,69108669109	-5,4822954823
0,4572	-4,73015873016	-5,51648351648
0,4576	-4,76923076923	-5,52625152625
0,458	-4,80341880342	-5,53601953602
0,4584	-4,83760683761	-5,54578754579
0,4588	-4,87179487179	-5,55555555556
0,4592	-4,9010989011	-5,56532356532
0,4596	-4,93528693529	-5,57509157509
0,46	-4,96947496947	-5,57997557998
0,4604	-4,99877899878	-5,59462759463
0,4608	-5,02808302808	-5,59462759463
0,4612	-5,0525030525	-5,59462759463
0,4616	-5,06715506716	-5,59462759463
0,462	-5,09157509158	-5,59462759463
0,4624	-5,11111111111	-5,59462759463
0,4628	-5,13064713065	-5,59462759463
0,4632	-5,15995115995	-5,59462759463
0,4636	-5,1746031746	-5,58485958486
0,464	-5,18437118437	-5,57997557998
0,4644	-5,19902319902	-5,56043956044
0,4648	-5,20879120879	-5,56043956044
0,4652	-5,22344322344	-5,55067155067
0,4656	-5,23321123321	-5,53601953602
0,466	-5,24786324786	-5,52625152625
0,4664	-5,25763125763	-5,5115995116
0,4668	-5,26251526252	-5,49694749695
0,4672	-5,26251526252	-5,47252747253
0,4676	-5,26251526252	-5,45787545788
0,468	-5,2673992674	-5,44810744811
0,4684	-5,27228327228	-5,4188034188
0,4688	-5,27228327228	-5,39926739927
0,4692	-5,2673992674	-5,36996336996
0,4696	-5,25274725275	-5,34065934066
0,47	-5,24297924298	-5,30158730159
0,4704	-5,23321123321	-5,27716727717
0,4708	-5,22832722833	-5,24786324786
0,4712	-5,21367521368	-5,21855921856
0,4716	-5,20390720391	-5,18925518926
0,472	-5,19902319902	-5,15506715507
0,4724	-5,18437118437	-5,12087912088
0,4728	-5,16483516484	-5,07203907204
0,4732	-5,14041514042	-5,03785103785
0,4736	-5,12087912088	-4,99389499389
0,474	-5,10134310134	-4,95482295482
0,4744	-5,07692307692	-4,92063492063
0,4748	-5,05738705739	-4,87667887668
0,4752	-5,03785103785	-4,83272283272
0,4756	-5,00366300366	-4,78388278388
0,476	-4,96947496947	-4,73504273504
0,4764	-4,94505494505	-4,6862026862
0,4768	-4,91086691087	-4,63247863248
0,4772	-4,87667887668	-4,59340659341
0,4776	-4,85225885226	-4,5347985348
0,478	-4,81318681319	-4,48595848596
0,4784	-4,77411477411	-4,42735042735
0,4788	-4,73015873016	-4,36385836386
0,4792	-4,69597069597	-4,31501831502
0,4796	-4,66178266178	-4,25641025641
0,48	-4,61294261294	-4,19291819292
0,4804	-4,57875457875	-4,13919413919
0,4808	-4,52991452991	-4,0757020757
0,4812	-4,48107448107	-4,00732600733
0,4816	-4,42246642247	-3,94383394383
0,482	-4,37851037851	-3,88034188034
0,4824	-4,32967032967	-3,81684981685
0,4828	-4,27594627595	-3,74847374847
0,4832	-4,23199023199	-3,68498168498
0,4836	-4,17338217338	-3,61172161172
0,484	-4,11965811966	-3,54334554335
0,4844	-4,05616605617	-3,47008547009
0,4848	-3,99267399267	-3,39194139194
0,4852	-3,93894993895	-3,32356532357
0,4856	-3,88034188034	-3,25518925519
0,486	-3,8315018315	-3,18192918193
0,4864	-3,75824175824	-3,10378510379
0,4868	-3,69474969475	-3,03052503053
0,4872	-3,62148962149	-2,94261294261
0,4876	-3,55311355311	-2,86935286935
0,488	-3,48962148962	-2,79120879121
0,4884	-3,42612942613	-2,71306471306
0,4888	-3,35775335775	-2,63003663004
0,4892	-3,28449328449	-2,55677655678
0,4896	-3,21611721612	-2,47374847375
0,49	-3,13308913309	-2,38583638584
0,4904	-3,05982905983	-2,30280830281
0,4908	-2,98656898657	-2,21978021978
0,4912	-2,91330891331	-2,14163614164
0,4916	-2,83516483516	-2,05860805861
0,492	-2,77167277167	-1,98046398046
0,4924	-2,68864468864	-1,88278388278
0,4928	-2,6105006105	-1,79975579976
0,4932	-2,52747252747	-1,71184371184
0,4936	-2,44444444444	-1,62393162393
0,494	-2,3663003663	-1,53601953602
0,4944	-2,28815628816	-1,45299145299
0,4948	-2,20512820513	-1,37484737485
0,4952	-2,1221001221	-1,28205128205
0,4956	-2,03418803419	-1,19413919414
0,496	-1,95115995116	-1,09645909646
0,4964	-1,86324786325	-1,00854700855
0,4968	-1,78021978022	-0,925518925519
0,4972	-1,69230769231	-0,827838827839
0,4976	-1,61416361416	-0,749694749695
0,498	-1,53113553114	-0,661782661783
0,4984	-1,43833943834	-0,564102564103
0,4988	-1,34065934066	-0,471306471306
0,4992	-1,25763125763	-0,388278388278
0,4996	-1,16971916972	-0,290598290598
0,5	-1,08180708181	-0,202686202686
