Vernier Format 2
rc_prof rogiers.cmbl 24/02/2025 09:43:33 ,
Latest
Time	Potential 1	Potential 2
t	Pot 1	Pot 2
s	V	V

0	3,47008547009	3,40659340659
0,0004	3,66056166056	3,59218559219
0,0008	3,85103785104	3,77289377289
0,0012	4,04151404151	3,94383394383
0,0016	4,21733821734	4,10500610501
0,002	4,38827838828	4,25641025641
0,0024	4,5641025641	4,4126984127
0,0028	4,73015873016	4,55921855922
0,0032	4,9010989011	4,70085470085
0,0036	5,04761904762	4,83760683761
0,004	5,19413919414	4,95482295482
0,0044	5,32600732601	5,07203907204
0,0048	5,45299145299	5,16971916972
0,0052	5,57509157509	5,27228327228
0,0056	5,69719169719	5,3601953602
0,006	5,79975579976	5,44810744811
0,0064	5,89255189255	5,52136752137
0,0068	5,98534798535	5,57997557998
0,0072	6,05860805861	5,62881562882
0,0076	6,1221001221	5,663003663
0,008	6,17582417582	5,69719169719
0,0084	6,22954822955	5,7264957265
0,0088	6,26373626374	5,74603174603
0,0092	6,29792429792	5,74603174603
0,0096	6,31746031746	5,74603174603
0,01	6,33211233211	5,7264957265
0,0104	6,33211233211	5,69230769231
0,0108	6,30769230769	5,65811965812
0,0112	6,28327228327	5,61416361416
0,0116	6,26373626374	5,56532356532
0,012	6,23443223443	5,50183150183
0,0124	6,18070818071	5,43345543346
0,0128	6,1221001221	5,35042735043
0,0132	6,05372405372	5,25274725275
0,0136	5,9706959707	5,15995115995
0,014	5,89255189255	5,04761904762
0,0144	5,79975579976	4,94017094017
0,0148	5,69719169719	4,81318681319
0,0152	5,58974358974	4,6862026862
0,0156	5,46275946276	4,53968253968
0,016	5,34065934066	4,39804639805
0,0164	5,19902319902	4,23199023199
0,0168	5,05738705739	4,07081807082
0,0172	4,90598290598	3,91452991453
0,0176	4,75946275946	3,73870573871
0,018	4,59829059829	3,56288156288
0,0184	4,42735042735	3,37728937729
0,0188	4,25641025641	3,1916971917
0,0192	4,06593406593	2,99145299145
0,0196	3,87545787546	2,79609279609
0,02	3,68498168498	2,59096459096
0,0204	3,49938949939	2,39072039072
0,0208	3,29426129426	2,18070818071
0,0212	3,08913308913	1,96092796093
0,0216	2,88888888889	1,75091575092
0,022	2,66422466422	1,52136752137
0,0224	2,44932844933	1,30647130647
0,0228	2,23931623932	1,08669108669
0,0232	2,01465201465	0,866910866911
0,0236	1,79975579976	0,632478632479
0,024	1,56532356532	0,407814407814
0,0244	1,34554334554	0,18315018315
0,0248	1,11111111111	-0,0512820512821
0,0252	0,876678876679	-0,271062271062
0,0256	0,652014652015	-0,505494505495
0,026	0,432234432234	-0,725274725275
0,0264	0,197802197802	-0,949938949939
0,0268	-0,026862026862	-1,17948717949
0,0272	-0,261294261294	-1,39926739927
0,0276	-0,481074481074	-1,62881562882
0,028	-0,715506715507	-1,84371184371
0,0284	-0,945054945055	-2,05372405372
0,0288	-1,15506715507	-2,26373626374
0,0292	-1,38461538462	-2,47863247863
0,0296	-1,59462759463	-2,68376068376
0,03	-1,81440781441	-2,89377289377
0,0304	-2,0293040293	-3,0989010989
0,0308	-2,23931623932	-3,28449328449
0,0312	-2,43956043956	-3,47008547009
0,0316	-2,63492063492	-3,64590964591
0,032	-2,83028083028	-3,82661782662
0,0324	-3,01587301587	-3,99755799756
0,0328	-3,19658119658	-4,1684981685
0,0332	-3,37728937729	-4,32967032967
0,0336	-3,55311355311	-4,48107448107
0,034	-3,71916971917	-4,61782661783
0,0344	-3,87057387057	-4,75457875458
0,0348	-4,00732600733	-4,87667887668
0,0352	-4,15873015873	-4,99877899878
0,0356	-4,29548229548	-5,11111111111
0,036	-4,42246642247	-5,21855921856
0,0364	-4,53968253968	-5,31623931624
0,0368	-4,65201465201	-5,39438339438
0,0372	-4,74969474969	-5,47252747253
0,0376	-4,83272283272	-5,53601953602
0,038	-4,92063492063	-5,59462759463
0,0384	-4,98901098901	-5,64346764347
0,0388	-5,05738705739	-5,68253968254
0,0392	-5,115995116	-5,72161172161
0,0396	-5,16483516484	-5,73626373626
0,04	-5,19413919414	-5,74603174603
0,0404	-5,22344322344	-5,75091575092
0,0408	-5,24297924298	-5,74114774115
0,0412	-5,25763125763	-5,73626373626
0,0416	-5,25763125763	-5,71672771673
0,042	-5,25274725275	-5,67765567766
0,0424	-5,23321123321	-5,62393162393
0,0428	-5,19413919414	-5,57509157509
0,0432	-5,15995115995	-5,50671550672
0,0436	-5,11111111111	-5,43345543346
0,044	-5,05738705739	-5,3601953602
0,0444	-4,98901098901	-5,27228327228
0,0448	-4,91575091575	-5,17948717949
0,0452	-4,83760683761	-5,07203907204
0,0456	-4,73992673993	-4,94993894994
0,046	-4,62759462759	-4,82295482295
0,0464	-4,52014652015	-4,69108669109
0,0468	-4,39804639805	-4,54945054945
0,0472	-4,27106227106	-4,40781440781
0,0476	-4,13431013431	-4,25641025641
0,048	-3,99267399267	-4,09035409035
0,0484	-3,84126984127	-3,91452991453
0,0488	-3,67032967033	-3,72893772894
0,0492	-3,50427350427	-3,55311355311
0,0496	-3,33333333333	-3,36263736264
0,05	-3,14774114774	-3,16727716728
0,0504	-2,97191697192	-2,98168498168
0,0508	-2,77655677656	-2,76678876679
0,0512	-2,57631257631	-2,56166056166
0,0516	-2,37118437118	-2,34188034188
0,052	-2,16605616606	-2,12698412698
0,0524	-1,95115995116	-1,9072039072
0,0528	-1,73626373626	-1,68253968254
0,0532	-1,52625152625	-1,47252747253
0,0536	-1,30158730159	-1,2380952381
0,054	-1,07692307692	-1,00366300366
0,0544	-0,852258852259	-0,774114774115
0,0548	-0,622710622711	-0,534798534799
0,0552	-0,388278388278	-0,30525030525
0,0556	-0,163614163614	-0,0757020757021
0,056	0,0610500610501	0,139194139194
0,0564	0,300366300366	0,368742368742
0,0568	0,534798534799	0,608058608059
0,0572	0,769230769231	0,832722832723
0,0576	0,998778998779	1,07203907204
0,058	1,2380952381	1,2967032967
0,0584	1,45787545788	1,5115995116
0,0588	1,68742368742	1,73626373626
0,0592	1,9072039072	1,94627594628
0,0596	2,13675213675	2,16605616606
0,06	2,36141636142	2,38095238095
0,0604	2,5811965812	2,59584859585
0,0608	2,80586080586	2,79609279609
0,0612	3,01098901099	2,99145299145
0,0616	3,21611721612	3,18681318681
0,062	3,42124542125	3,36752136752
0,0624	3,62637362637	3,56288156288
0,0628	3,82173382173	3,73870573871
0,0632	4,00732600733	3,91941391941
0,0636	4,1978021978	4,08547008547
0,064	4,36874236874	4,24175824176
0,0644	4,53968253968	4,39804639805
0,0648	4,70573870574	4,52991452991
0,0652	4,86202686203	4,67155067155
0,0656	5,0231990232	4,80341880342
0,066	5,17948717949	4,94993894994
0,0664	5,31623931624	5,05738705739
0,0668	5,43833943834	5,16483516484
0,0672	5,56043956044	5,25763125763
0,0676	5,67277167277	5,34065934066
0,068	5,77533577534	5,43345543346
0,0684	5,87301587302	5,50183150183
0,0688	5,9706959707	5,57509157509
0,0692	6,04395604396	5,62393162393
0,0696	6,11721611722	5,66788766789
0,07	6,17094017094	5,69719169719
0,0704	6,21978021978	5,70695970696
0,0708	6,25396825397	5,7264957265
0,0712	6,28815628816	5,73626373626
0,0716	6,31746031746	5,74603174603
0,072	6,32722832723	5,73626373626
0,0724	6,33211233211	5,71184371184
0,0728	6,31257631258	5,66788766789
0,0732	6,28815628816	5,61416361416
0,0736	6,26862026862	5,56532356532
0,074	6,22954822955	5,5115995116
0,0744	6,18070818071	5,43833943834
0,0748	6,13675213675	5,36507936508
0,0752	6,05860805861	5,27716727717
0,0756	5,99511599512	5,16971916972
0,076	5,9072039072	5,06715506716
0,0764	5,80952380952	4,94993894994
0,0768	5,71672771673	4,83272283272
0,0772	5,6043956044	4,70085470085
0,0776	5,48717948718	4,56898656899
0,078	5,36507936508	4,42246642247
0,0784	5,23321123321	4,26617826618
0,0788	5,08669108669	4,10989010989
0,0792	4,93528693529	3,92918192918
0,0796	4,77411477411	3,76312576313
0,08	4,61782661783	3,59218559219
0,0804	4,45665445665	3,41147741148
0,0808	4,27594627595	3,221001221
0,0812	4,10012210012	3,03052503053
0,0816	3,91941391941	2,83028083028
0,082	3,71916971917	2,62026862027
0,0824	3,52869352869	2,42490842491
0,0828	3,33333333333	2,21001221001
0,0832	3,13308913309	2,01465201465
0,0836	2,91330891331	1,78998778999
0,084	2,71306471306	1,57020757021
0,0844	2,4884004884	1,35042735043
0,0848	2,26373626374	1,115995116
0,0852	2,04884004884	0,891330891331
0,0856	1,82905982906	0,676434676435
0,086	1,60927960928	0,446886446886
0,0864	1,37973137973	0,222222222222
0,0868	1,15506715507	-0,01221001221
0,0872	0,925518925519	-0,236874236874
0,0876	0,691086691087	-0,471306471306
0,088	0,461538461538	-0,691086691087
0,0884	0,23199023199	-0,910866910867
0,0888	0,00732600732601	-1,13553113553
0,0892	-0,217338217338	-1,3601953602
0,0896	-0,446886446886	-1,57997557998
0,09	-0,676434676435	-1,80463980464
0,0904	-0,905982905983	-2,03418803419
0,0908	-1,13064713065	-2,23443223443
0,0912	-1,34554334554	-2,44444444444
0,0916	-1,56043956044	-2,64468864469
0,092	-1,78021978022	-2,84981684982
0,0924	-1,99023199023	-3,05494505495
0,0928	-2,20024420024	-3,24542124542
0,0932	-2,41514041514	-3,45054945055
0,0936	-2,6105006105	-3,62637362637
0,094	-2,80097680098	-3,8021978022
0,0944	-2,98656898657	-3,97313797314
0,0948	-3,16727716728	-4,13431013431
0,0952	-3,35286935287	-4,2905982906
0,0956	-3,51404151404	-4,45177045177
0,096	-3,68986568987	-4,58852258852
0,0964	-3,84615384615	-4,73504273504
0,0968	-4,00244200244	-4,86202686203
0,0972	-4,13431013431	-4,97924297924
0,0976	-4,27106227106	-5,08669108669
0,098	-4,39804639805	-5,19902319902
0,0984	-4,51526251526	-5,29181929182
0,0988	-4,62759462759	-5,37973137973
0,0992	-4,73504273504	-5,46275946276
0,0996	-4,82295482295	-5,53113553114
0,1	-4,91086691087	-5,58485958486
0,1004	-4,97924297924	-5,6336996337
0,1008	-5,04761904762	-5,67765567766
0,1012	-5,10134310134	-5,71184371184
0,1016	-5,15506715507	-5,7264957265
0,102	-5,19413919414	-5,75091575092
0,1024	-5,22344322344	-5,74603174603
0,1028	-5,24786324786	-5,74603174603
0,1032	-5,25274725275	-5,73626373626
0,1036	-5,26251526252	-5,70695970696
0,104	-5,24786324786	-5,67765567766
0,1044	-5,22832722833	-5,6336996337
0,1048	-5,20879120879	-5,58974358974
0,1052	-5,16483516484	-5,52136752137
0,1056	-5,12576312576	-5,44322344322
0,106	-5,06227106227	-5,36507936508
0,1064	-4,99389499389	-5,28205128205
0,1068	-4,92063492063	-5,18437118437
0,1072	-4,84249084249	-5,08180708181
0,1076	-4,75457875458	-4,97924297924
0,108	-4,6568986569	-4,85225885226
0,1084	-4,54456654457	-4,72039072039
0,1088	-4,41758241758	-4,57387057387
0,1092	-4,2905982906	-4,42735042735
0,1096	-4,15873015873	-4,27106227106
0,11	-4,01221001221	-4,11477411477
0,1104	-3,86568986569	-3,94871794872
0,1108	-3,71428571429	-3,77289377289
0,1112	-3,54334554335	-3,5873015873
0,1116	-3,35775335775	-3,39682539683
0,112	-3,18192918193	-3,20146520147
0,1124	-2,99633699634	-3,00610500611
0,1128	-2,80586080586	-2,79609279609
0,1132	-2,62026862027	-2,60073260073
0,1136	-2,41514041514	-2,38583638584
0,114	-2,20512820513	-2,16605616606
0,1144	-1,98534798535	-1,94627594628
0,1148	-1,77533577534	-1,72161172161
0,1152	-1,55555555556	-1,49694749695
0,1156	-1,33577533578	-1,2673992674
0,116	-1,12087912088	-1,04273504274
0,1164	-0,891330891331	-0,818070818071
0,1168	-0,656898656899	-0,583638583639
0,1172	-0,42735042735	-0,344322344322
0,1176	-0,192918192918	-0,119658119658
0,118	0,031746031746	0,114774114774
0,1184	0,271062271062	0,349206349206
0,1188	0,495726495726	0,568986568987
0,1192	0,725274725275	0,788766788767
0,1196	0,959706959707	1,0231990232
0,12	1,18925518926	1,25763125763
0,1204	1,42368742369	1,47741147741
0,1208	1,64835164835	1,70207570208
0,1212	1,8778998779	1,91208791209
0,1216	2,09768009768	2,13675213675
0,122	2,31746031746	2,34188034188
0,1224	2,53724053724	2,55189255189
0,1228	2,7619047619	2,76678876679
0,1232	2,98168498168	2,96214896215
0,1236	3,18681318681	3,15750915751
0,124	3,39194139194	3,34798534799
0,1244	3,59218559219	3,52380952381
0,1248	3,78266178266	3,69963369963
0,1252	3,97802197802	3,88522588523
0,1256	4,16361416361	4,0463980464
0,126	4,34432234432	4,21733821734
0,1264	4,51037851038	4,36385836386
0,1268	4,6862026862	4,52014652015
0,1272	4,84249084249	4,6568986569
0,1276	4,99389499389	4,78388278388
0,128	5,1452991453	4,91086691087
0,1284	5,28693528694	5,03296703297
0,1288	5,4188034188	5,14041514042
0,1292	5,5409035409	5,24786324786
0,1296	5,65811965812	5,34554334554
0,13	5,76068376068	5,4188034188
0,1304	5,85836385836	5,48717948718
0,1308	5,95115995116	5,55555555556
0,1312	6,03418803419	5,60927960928
0,1316	6,10256410256	5,663003663
0,132	6,16117216117	5,69230769231
0,1324	6,20512820513	5,71672771673
0,1328	6,25396825397	5,73626373626
0,1332	6,27838827839	5,73626373626
0,1336	6,30280830281	5,74114774115
0,134	6,32234432234	5,7264957265
0,1344	6,336996337	5,71672771673
0,1348	6,32234432234	5,67765567766
0,1352	6,30280830281	5,62881562882
0,1356	6,26862026862	5,57997557998
0,136	6,23443223443	5,5115995116
0,1364	6,18559218559	5,44810744811
0,1368	6,13675213675	5,37484737485
0,1372	6,07326007326	5,29181929182
0,1376	6,00976800977	5,19902319902
0,138	5,91697191697	5,08669108669
0,1384	5,83394383394	4,98412698413
0,1388	5,73626373626	4,84737484737
0,1392	5,61416361416	4,72039072039
0,1396	5,50671550672	4,58363858364
0,14	5,38461538462	4,45177045177
0,1404	5,25274725275	4,2905982906
0,1408	5,115995116	4,13431013431
0,1412	4,96459096459	3,97313797314
0,1416	4,8083028083	3,78754578755
0,142	4,64224664225	3,61660561661
0,1424	4,47619047619	3,4358974359
0,1428	4,31501831502	3,25030525031
0,1432	4,12942612943	3,05982905983
0,1436	3,94383394383	2,86446886447
0,144	3,75335775336	2,66422466422
0,1444	3,56288156288	2,44932844933
0,1448	3,36752136752	2,24908424908
0,1452	3,15750915751	2,03418803419
0,1456	2,95238095238	1,82417582418
0,146	2,74725274725	1,6043956044
0,1464	2,53235653236	1,37973137973
0,1468	2,31257631258	1,15995115995
0,1472	2,08791208791	0,925518925519
0,1476	1,85836385836	0,705738705739
0,148	1,6336996337	0,47619047619
0,1484	1,41391941392	0,251526251526
0,1488	1,18925518926	0,031746031746
0,1492	0,959706959707	-0,202686202686
0,1496	0,730158730159	-0,422466422466
0,15	0,500610500611	-0,652014652015
0,1504	0,271062271062	-0,886446886447
0,1508	0,041514041514	-1,10622710623
0,1512	-0,18315018315	-1,32600732601
0,1516	-0,412698412698	-1,54578754579
0,152	-0,637362637363	-1,77045177045
0,1524	-0,862026862027	-1,98534798535
0,1528	-1,09157509158	-2,19536019536
0,1532	-1,31135531136	-2,41514041514
0,1536	-1,53601953602	-2,62026862027
0,154	-1,74603174603	-2,82051282051
0,1544	-1,96092796093	-3,01587301587
0,1548	-2,16117216117	-3,21611721612
0,1552	-2,37118437118	-3,41147741148
0,1556	-2,57142857143	-3,59218559219
0,156	-2,77167277167	-3,77777777778
0,1564	-2,96214896215	-3,94383394383
0,1568	-3,14285714286	-4,10989010989
0,1572	-3,3137973138	-4,26617826618
0,1576	-3,48473748474	-4,42246642247
0,158	-3,65567765568	-4,5641025641
0,1584	-3,81684981685	-4,70085470085
0,1588	-3,97313797314	-4,84249084249
0,1592	-4,11477411477	-4,96459096459
0,1596	-4,25152625153	-5,07692307692
0,16	-4,37362637363	-5,17948717949
0,1604	-4,49572649573	-5,2673992674
0,1608	-4,61294261294	-5,3601953602
0,1612	-4,71062271062	-5,44322344322
0,1616	-4,81807081807	-5,52136752137
0,162	-4,89621489621	-5,57997557998
0,1624	-4,97435897436	-5,6336996337
0,1628	-5,03296703297	-5,66788766789
0,1632	-5,09645909646	-5,69719169719
0,1636	-5,14041514042	-5,7264957265
0,164	-5,18437118437	-5,74114774115
0,1644	-5,21855921856	-5,7557997558
0,1648	-5,24297924298	-5,75091575092
0,1652	-5,25274725275	-5,74603174603
0,1656	-5,25763125763	-5,72161172161
0,166	-5,25274725275	-5,67765567766
0,1664	-5,23321123321	-5,63858363858
0,1668	-5,20879120879	-5,59462759463
0,1672	-5,17948717949	-5,53113553114
0,1676	-5,13553113553	-5,46764346764
0,168	-5,08180708181	-5,3894993895
0,1684	-5,00854700855	-5,30158730159
0,1688	-4,94017094017	-5,20879120879
0,1692	-4,85714285714	-5,10134310134
0,1696	-4,76923076923	-4,98901098901
0,17	-4,67643467643	-4,87179487179
0,1704	-4,56898656899	-4,74481074481
0,1708	-4,44688644689	-4,60317460317
0,1712	-4,3199023199	-4,44688644689
0,1716	-4,17826617827	-4,29548229548
0,172	-4,03663003663	-4,13919413919
0,1724	-3,89010989011	-3,97313797314
0,1728	-3,72893772894	-3,8021978022
0,1732	-3,57264957265	-3,62148962149
0,1736	-3,39682539683	-3,43101343101
0,174	-3,21611721612	-3,24053724054
0,1744	-3,03052503053	-3,03540903541
0,1748	-2,84493284493	-2,83028083028
0,1752	-2,64468864469	-2,63003663004
0,1756	-2,44444444444	-2,42490842491
0,176	-2,2442002442	-2,21001221001
0,1764	-2,0293040293	-1,99023199023
0,1768	-1,81440781441	-1,76068376068
0,1772	-1,58974358974	-1,53113553114
0,1776	-1,37484737485	-1,31135531136
0,178	-1,15018315018	-1,07692307692
0,1784	-0,925518925519	-0,847374847375
0,1788	-0,705738705739	-0,627594627595
0,1792	-0,471306471306	-0,388278388278
0,1796	-0,241758241758	-0,15873015873
0,18	0,002442002442	0,0757020757021
0,1804	0,227106227106	0,300366300366
0,1808	0,456654456654	0,529914529915
0,1812	0,691086691087	0,759462759463
0,1816	0,910866910867	0,979242979243
0,182	1,15018315018	1,21367521368
0,1824	1,37973137973	1,43345543346
0,1828	1,61904761905	1,66788766789
0,1832	1,83882783883	1,88766788767
0,1836	2,06349206349	2,10256410256
0,184	2,28815628816	2,31257631258
0,1844	2,49816849817	2,51282051282
0,1848	2,72283272283	2,72283272283
0,1852	2,93284493284	2,92307692308
0,1856	3,14774114774	3,12820512821
0,186	3,35775335775	3,3137973138
0,1864	3,56288156288	3,50427350427
0,1868	3,75335775336	3,68498168498
0,1872	3,93894993895	3,84615384615
0,1876	4,11965811966	4,01709401709
0,188	4,31013431013	4,18315018315
0,1884	4,49084249084	4,34920634921
0,1888	4,6568986569	4,49572649573
0,1892	4,81318681319	4,63247863248
0,1896	4,96947496947	4,76923076923
0,19	5,115995116	4,89133089133
0,1904	5,26251526252	5,01343101343
0,1908	5,3894993895	5,13064713065
0,1912	5,52625152625	5,23321123321
0,1916	5,64346764347	5,33089133089
0,192	5,75091575092	5,40903540904
0,1924	5,8485958486	5,4822954823
0,1928	5,93650793651	5,5409035409
0,1932	6,00976800977	5,59462759463
0,1936	6,0927960928	5,65323565324
0,194	6,15628815629	5,69230769231
0,1944	6,20512820513	5,71672771673
0,1948	6,2442002442	5,73626373626
0,1952	6,28327228327	5,74114774115
0,1956	6,29792429792	5,73626373626
0,196	6,32234432234	5,73137973138
0,1964	6,32722832723	5,71672771673
0,1968	6,32234432234	5,67765567766
0,1972	6,30769230769	5,64346764347
0,1976	6,28815628816	5,58974358974
0,198	6,2442002442	5,52625152625
0,1984	6,19536019536	5,46764346764
0,1988	6,14652014652	5,37973137973
0,1992	6,08791208791	5,2967032967
0,1996	6,01953601954	5,21367521368
0,2	5,94139194139	5,11111111111
0,2004	5,85347985348	4,99877899878
0,2008	5,74603174603	4,87667887668
0,2012	5,64835164835	4,74969474969
0,2016	5,51648351648	4,60317460317
0,202	5,40415140415	4,47130647131
0,2024	5,2673992674	4,3199023199
0,2028	5,14041514042	4,16361416361
0,2032	4,98412698413	3,99267399267
0,2036	4,83272283272	3,82661782662
0,204	4,67155067155	3,65079365079
0,2044	4,50061050061	3,4652014652
0,2048	4,33943833944	3,28449328449
0,2052	4,15384615385	3,0989010989
0,2056	3,98290598291	2,90354090354
0,206	3,79242979243	2,69841269841
0,2064	3,59706959707	2,49328449328
0,2068	3,40170940171	2,28815628816
0,2072	3,1916971917	2,06349206349
0,2076	2,98656898657	1,85836385836
0,208	2,77655677656	1,63858363858
0,2084	2,56654456654	1,42368742369
0,2088	2,35164835165	1,19413919414
0,2092	2,12698412698	0,974358974359
0,2096	1,9072039072	0,744810744811
0,21	1,67277167277	0,515262515263
0,2104	1,45787545788	0,290598290598
0,2108	1,21855921856	0,0659340659341
0,2112	1,00366300366	-0,15873015873
0,2116	0,774114774115	-0,37851037851
0,212	0,544566544567	-0,617826617827
0,2124	0,315018315018	-0,842490842491
0,2128	0,0757020757021	-1,07203907204
0,2132	-0,148962148962	-1,2967032967
0,2136	-0,368742368742	-1,51648351648
0,214	-0,598290598291	-1,73137973138
0,2144	-0,822954822955	-1,94139194139
0,2148	-1,04273504274	-2,15628815629
0,2152	-1,27228327228	-2,37606837607
0,2156	-1,49694749695	-2,59584859585
0,216	-1,71184371184	-2,79120879121
0,2164	-1,92185592186	-2,98656898657
0,2168	-2,13186813187	-3,18192918193
0,2172	-2,336996337	-3,37240537241
0,2176	-2,53724053724	-3,557997558
0,218	-2,73748473748	-3,73870573871
0,2184	-2,92796092796	-3,91452991453
0,2188	-3,11843711844	-4,08058608059
0,2192	-3,29426129426	-4,24664224664
0,2196	-3,4652014652	-4,38827838828
0,22	-3,62637362637	-4,53968253968
0,2204	-3,78754578755	-4,6862026862
0,2208	-3,93894993895	-4,81318681319
0,2212	-4,09523809524	-4,94505494505
0,2216	-4,22710622711	-5,05738705739
0,222	-4,36385836386	-5,16483516484
0,2224	-4,47619047619	-5,25274725275
0,2228	-4,58852258852	-5,35042735043
0,2232	-4,69597069597	-5,42857142857
0,2236	-4,78876678877	-5,50183150183
0,224	-4,88156288156	-5,57509157509
0,2244	-4,95970695971	-5,62393162393
0,2248	-5,02808302808	-5,66788766789
0,2252	-5,08669108669	-5,70207570208
0,2256	-5,13553113553	-5,72161172161
0,226	-5,17948717949	-5,74114774115
0,2264	-5,20879120879	-5,75091575092
0,2268	-5,24297924298	-5,7557997558
0,2272	-5,25763125763	-5,74603174603
0,2276	-5,27228327228	-5,7264957265
0,228	-5,25274725275	-5,68742368742
0,2284	-5,23321123321	-5,64835164835
0,2288	-5,20879120879	-5,59951159951
0,2292	-5,18437118437	-5,54578754579
0,2296	-5,1452991453	-5,47741147741
0,23	-5,09157509158	-5,40415140415
0,2304	-5,02808302808	-5,32112332112
0,2308	-4,95482295482	-5,22344322344
0,2312	-4,87179487179	-5,115995116
0,2316	-4,78388278388	-5,01343101343
0,232	-4,6862026862	-4,88644688645
0,2324	-4,57875457875	-4,76434676435
0,2328	-4,47130647131	-4,62759462759
0,2332	-4,34432234432	-4,48107448107
0,2336	-4,20757020757	-4,32967032967
0,234	-4,06105006105	-4,15873015873
0,2344	-3,91452991453	-4,00244200244
0,2348	-3,75335775336	-3,82661782662
0,2352	-3,59706959707	-3,65079365079
0,2356	-3,43101343101	-3,4652014652
0,236	-3,25030525031	-3,27472527473
0,2364	-3,06471306471	-3,07448107448
0,2368	-2,86446886447	-2,86446886447
0,2372	-2,67887667888	-2,65934065934
0,2376	-2,47863247863	-2,44932844933
0,238	-2,2735042735	-2,23931623932
0,2384	-2,07326007326	-2,02442002442
0,2388	-1,85347985348	-1,80463980464
0,2392	-1,62881562882	-1,57509157509
0,2396	-1,40415140415	-1,34554334554
0,24	-1,18437118437	-1,115995116
0,2404	-0,964590964591	-0,886446886447
0,2408	-0,730158730159	-0,661782661783
0,2412	-0,515262515263	-0,437118437118
0,2416	-0,28083028083	-0,197802197802
0,242	-0,046398046398	0,03663003663
0,2424	0,188034188034	0,266178266178
0,2428	0,417582417582	0,500610500611
0,2432	0,652014652015	0,720390720391
0,2436	0,881562881563	0,949938949939
0,244	1,10622710623	1,1746031746
0,2444	1,34065934066	1,39926739927
0,2448	1,57509157509	1,62881562882
0,2452	1,80463980464	1,84371184371
0,2456	2,02442002442	2,05860805861
0,246	2,25396825397	2,2735042735
0,2464	2,47863247863	2,4884004884
0,2468	2,68376068376	2,68376068376
0,2472	2,90354090354	2,88888888889
0,2476	3,10866910867	3,08913308913
0,248	3,32356532357	3,28449328449
0,2484	3,52380952381	3,4652014652
0,2488	3,71916971917	3,65079365079
0,2492	3,90964590965	3,8315018315
0,2496	4,09523809524	3,99267399267
0,25	4,27106227106	4,15384615385
0,2504	4,45177045177	4,31501831502
0,2508	4,62271062271	4,47130647131
0,2512	4,78876678877	4,60805860806
0,2516	4,94505494505	4,74969474969
0,252	5,09645909646	4,87667887668
0,2524	5,2380952381	4,98901098901
0,2528	5,36507936508	5,10622710623
0,2532	5,49206349206	5,20390720391
0,2536	5,62393162393	5,31623931624
0,254	5,73137973138	5,40415140415
0,2544	5,82905982906	5,47741147741
0,2548	5,91697191697	5,53601953602
0,2552	6,00488400488	5,58974358974
0,2556	6,06837606838	5,63858363858
0,256	6,14163614164	5,67765567766
0,2564	6,19536019536	5,70695970696
0,2568	6,2442002442	5,73137973138
0,2572	6,27838827839	5,74114774115
0,2576	6,29792429792	5,74603174603
0,258	6,31746031746	5,73137973138
0,2584	6,32234432234	5,71672771673
0,2588	6,31746031746	5,68253968254
0,2592	6,30280830281	5,64835164835
0,2596	6,28327228327	5,59951159951
0,26	6,24908424908	5,5409035409
0,2604	6,20512820513	5,47741147741
0,2608	6,16117216117	5,39438339438
0,2612	6,09768009768	5,31623931624
0,2616	6,0293040293	5,21367521368
0,262	5,95604395604	5,13064713065
0,2624	5,85836385836	5,01343101343
0,2628	5,77045177045	4,89133089133
0,2632	5,663003663	4,76923076923
0,2636	5,53601953602	4,63247863248
0,264	5,41391941392	4,49084249084
0,2644	5,29181929182	4,33943833944
0,2648	5,15995115995	4,18803418803
0,2652	5,00854700855	4,02686202686
0,2656	4,86202686203	3,85592185592
0,266	4,70085470085	3,67521367521
0,2664	4,5347985348	3,50427350427
0,2668	4,35897435897	3,30891330891
0,2672	4,18315018315	3,12332112332
0,2676	4,00244200244	2,92796092796
0,268	3,82173382173	2,73748473748
0,2684	3,62637362637	2,53235653236
0,2688	3,42612942613	2,32234432234
0,2692	3,23076923077	2,11233211233
0,2696	3,01587301587	1,88766788767
0,27	2,81074481074	1,67277167277
0,2704	2,59584859585	1,45299145299
0,2708	2,38583638584	1,24297924298
0,2712	2,16117216117	1,00854700855
0,2716	1,94139194139	0,788766788767
0,272	1,71672771673	0,564102564103
0,2724	1,48717948718	0,319902319902
0,2728	1,26251526252	0,105006105006
0,2732	1,03296703297	-0,124542124542
0,2736	0,813186813187	-0,349206349206
0,274	0,578754578755	-0,573870573871
0,2744	0,349206349206	-0,803418803419
0,2748	0,119658119658	-1,03296703297
0,2752	-0,114774114774	-1,25763125763
0,2756	-0,344322344322	-1,4822954823
0,276	-0,559218559219	-1,69719169719
0,2764	-0,783882783883	-1,91697191697
0,2768	-1,00854700855	-2,1221001221
0,2772	-1,2380952381	-2,34188034188
0,2776	-1,45787545788	-2,55189255189
0,278	-1,67765567766	-2,7619047619
0,2784	-1,89255189255	-2,96214896215
0,2788	-2,10256410256	-3,15750915751
0,2792	-2,30769230769	-3,34798534799
0,2796	-2,50305250305	-3,52869352869
0,28	-2,69841269841	-3,71428571429
0,2804	-2,89377289377	-3,88522588523
0,2808	-3,08424908425	-4,06593406593
0,2812	-3,26495726496	-4,22222222222
0,2816	-3,44078144078	-4,37851037851
0,282	-3,60683760684	-4,51526251526
0,2824	-3,76312576313	-4,6568986569
0,2828	-3,91452991453	-4,79853479853
0,2832	-4,06593406593	-4,91575091575
0,2836	-4,20757020757	-5,03296703297
0,284	-4,34432234432	-5,15506715507
0,2844	-4,46642246642	-5,24786324786
0,2848	-4,57387057387	-5,33089133089
0,2852	-4,67155067155	-5,4188034188
0,2856	-4,77411477411	-5,48717948718
0,286	-4,86202686203	-5,55555555556
0,2864	-4,94017094017	-5,60927960928
0,2868	-5,01831501832	-5,66788766789
0,2872	-5,07692307692	-5,70207570208
0,2876	-5,13553113553	-5,7264957265
0,288	-5,16971916972	-5,73626373626
0,2884	-5,20390720391	-5,74603174603
0,2888	-5,23321123321	-5,75091575092
0,2892	-5,24786324786	-5,75091575092
0,2896	-5,2673992674	-5,73626373626
0,29	-5,25763125763	-5,70207570208
0,2904	-5,24297924298	-5,65811965812
0,2908	-5,20879120879	-5,6043956044
0,2912	-5,18437118437	-5,55555555556
0,2916	-5,1452991453	-5,48717948718
0,292	-5,09157509158	-5,41391941392
0,2924	-5,04273504274	-5,34065934066
0,2928	-4,97435897436	-5,24786324786
0,2932	-4,89133089133	-5,13553113553
0,2936	-4,79365079365	-5,0231990232
0,294	-4,70085470085	-4,9010989011
0,2944	-4,59340659341	-4,778998779
0,2948	-4,48107448107	-4,64713064713
0,2952	-4,36874236874	-4,51037851038
0,2956	-4,22710622711	-4,34920634921
0,296	-4,08058608059	-4,19291819292
0,2964	-3,93894993895	-4,02197802198
0,2968	-3,77777777778	-3,85103785104
0,2972	-3,62148962149	-3,6800976801
0,2976	-3,45054945055	-3,49450549451
0,298	-3,27472527473	-3,30891330891
0,2984	-3,0989010989	-3,10378510379
0,2988	-2,90842490842	-2,90842490842
0,2992	-2,71306471306	-2,69352869353
0,2996	-2,51282051282	-2,48351648352
0,3	-2,30280830281	-2,2735042735
0,3004	-2,0927960928	-2,05860805861
0,3008	-1,88766788767	-1,83882783883
0,3012	-1,66788766789	-1,61416361416
0,3016	-1,45299145299	-1,38461538462
0,302	-1,22344322344	-1,14041514042
0,3024	-0,998778998779	-0,920634920635
0,3028	-0,769230769231	-0,691086691087
0,3032	-0,539682539683	-0,466422466422
0,3036	-0,310134310134	-0,236874236874
0,304	-0,0854700854701	-0,002442002442
0,3044	0,148962148962	0,227106227106
0,3048	0,383394383394	0,461538461538
0,3052	0,617826617827	0,691086691087
0,3056	0,847374847375	0,920634920635
0,306	1,07692307692	1,1452991453
0,3064	1,30158730159	1,3601953602
0,3068	1,53601953602	1,58974358974
0,3072	1,76556776557	1,79975579976
0,3076	1,99511599512	2,02442002442
0,308	2,2148962149	2,2442002442
0,3084	2,44444444444	2,45421245421
0,3088	2,65934065934	2,65934065934
0,3092	2,86446886447	2,8547008547
0,3096	3,07448107448	3,05982905983
0,31	3,27960927961	3,25030525031
0,3104	3,48962148962	3,44078144078
0,3108	3,69474969475	3,62637362637
0,3112	3,88034188034	3,8021978022
0,3116	4,07081807082	3,96825396825
0,312	4,24175824176	4,13431013431
0,3124	4,42246642247	4,28571428571
0,3128	4,59340659341	4,43711843712
0,3132	4,76434676435	4,58852258852
0,3136	4,92063492063	4,72527472527
0,314	5,07692307692	4,85714285714
0,3144	5,21367521368	4,97924297924
0,3148	5,35042735043	5,09157509158
0,3152	5,47252747253	5,18925518926
0,3156	5,59951159951	5,29181929182
0,316	5,71184371184	5,38461538462
0,3164	5,81929181929	5,46275946276
0,3168	5,91208791209	5,53113553114
0,3172	5,99023199023	5,58485958486
0,3176	6,06349206349	5,63858363858
0,318	6,12698412698	5,67277167277
0,3184	6,18559218559	5,69719169719
0,3188	6,23443223443	5,73137973138
0,3192	6,2735042735	5,74114774115
0,3196	6,29792429792	5,74603174603
0,32	6,32234432234	5,73626373626
0,3204	6,33211233211	5,72161172161
0,3208	6,32234432234	5,68742368742
0,3212	6,30280830281	5,65323565324
0,3216	6,28815628816	5,6043956044
0,322	6,25885225885	5,55067155067
0,3224	6,21978021978	5,49206349206
0,3228	6,16605616606	5,41391941392
0,3232	6,11233211233	5,33577533578
0,3236	6,03418803419	5,2380952381
0,324	5,96581196581	5,13553113553
0,3244	5,88278388278	5,03785103785
0,3248	5,78998778999	4,91575091575
0,3252	5,67765567766	4,79365079365
0,3256	5,57020757021	4,66178266178
0,326	5,44810744811	4,51526251526
0,3264	5,30647130647	4,36385836386
0,3268	5,1746031746	4,21245421245
0,3272	5,02808302808	4,04151404151
0,3276	4,88644688645	3,88522588523
0,328	4,73504273504	3,7094017094
0,3284	4,5641025641	3,52869352869
0,3288	4,38827838828	3,3431013431
0,3292	4,20268620269	3,14774114774
0,3296	4,03174603175	2,95726495726
0,33	3,84615384615	2,7619047619
0,3304	3,65567765568	2,56654456654
0,3308	3,4652014652	2,35164835165
0,3312	3,26495726496	2,14163614164
0,3316	3,05494505495	1,92673992674
0,332	2,84493284493	1,70207570208
0,3324	2,63003663004	1,48717948718
0,3328	2,41514041514	1,26251526252
0,3332	2,20024420024	1,0525030525
0,3336	1,97557997558	0,822954822955
0,334	1,75091575092	0,593406593407
0,3344	1,52625152625	0,368742368742
0,3348	1,30647130647	0,139194139194
0,3352	1,07203907204	-0,0903540903541
0,3356	0,837606837607	-0,319902319902
0,336	0,622710622711	-0,539682539683
0,3364	0,388278388278	-0,764346764347
0,3368	0,163614163614	-0,989010989011
0,3372	-0,0708180708181	-1,21855921856
0,3376	-0,30525030525	-1,45299145299
0,338	-0,534798534799	-1,663003663
0,3384	-0,754578754579	-1,8778998779
0,3388	-0,974358974359	-2,0927960928
0,3392	-1,19902319902	-2,30769230769
0,3396	-1,4188034188	-2,51282051282
0,34	-1,6336996337	-2,72771672772
0,3404	-1,85836385836	-2,91819291819
0,3408	-2,06837606838	-3,13308913309
0,3412	-2,2735042735	-3,31868131868
0,3416	-2,47374847375	-3,50427350427
0,342	-2,66422466422	-3,6800976801
0,3424	-2,85958485958	-3,86080586081
0,3428	-3,05494505495	-4,02197802198
0,3432	-3,24053724054	-4,18803418803
0,3436	-3,40659340659	-4,35409035409
0,344	-3,58241758242	-4,50061050061
0,3444	-3,73870573871	-4,64224664225
0,3448	-3,88522588523	-4,77411477411
0,3452	-4,04151404151	-4,89621489621
0,3456	-4,18315018315	-5,01831501832
0,346	-4,31501831502	-5,13064713065
0,3464	-4,442002442	-5,2380952381
0,3468	-4,55921855922	-5,32600732601
0,3472	-4,66178266178	-5,40903540904
0,3476	-4,75946275946	-5,47741147741
0,348	-4,85225885226	-5,5409035409
0,3484	-4,9304029304	-5,6043956044
0,3488	-5,00366300366	-5,65323565324
0,3492	-5,07203907204	-5,69719169719
0,3496	-5,12576312576	-5,72161172161
0,35	-5,16483516484	-5,74114774115
0,3504	-5,19902319902	-5,74603174603
0,3508	-5,23321123321	-5,75091575092
0,3512	-5,24297924298	-5,74114774115
0,3516	-5,26251526252	-5,73137973138
0,352	-5,26251526252	-5,71184371184
0,3524	-5,24786324786	-5,66788766789
0,3528	-5,22344322344	-5,61416361416
0,3532	-5,18437118437	-5,56043956044
0,3536	-5,1452991453	-5,49694749695
0,354	-5,10134310134	-5,42368742369
0,3544	-5,04273504274	-5,34554334554
0,3548	-4,98412698413	-5,26251526252
0,3552	-4,90598290598	-5,15995115995
0,3556	-4,81807081807	-5,04761904762
0,356	-4,71062271062	-4,92551892552
0,3564	-4,61294261294	-4,79853479853
0,3568	-4,50061050061	-4,67155067155
0,3572	-4,37851037851	-4,52503052503
0,3576	-4,25641025641	-4,38339438339
0,358	-4,10989010989	-4,22222222222
0,3584	-3,96336996337	-4,05128205128
0,3588	-3,80708180708	-3,88522588523
0,3592	-3,64590964591	-3,69963369963
0,3596	-3,47496947497	-3,51892551893
0,36	-3,29914529915	-3,32844932845
0,3604	-3,12820512821	-3,14285714286
0,3608	-2,94261294261	-2,93772893773
0,3612	-2,74236874237	-2,72771672772
0,3616	-2,54700854701	-2,52258852259
0,362	-2,336996337	-2,30280830281
0,3624	-2,13186813187	-2,08791208791
0,3628	-1,91697191697	-1,86813186813
0,3632	-1,70207570208	-1,63858363858
0,3636	-1,4822954823	-1,42857142857
0,364	-1,26251526252	-1,18925518926
0,3644	-1,03296703297	-0,964590964591
0,3648	-0,803418803419	-0,730158730159
0,3652	-0,573870573871	-0,500610500611
0,3656	-0,344322344322	-0,266178266178
0,366	-0,114774114774	-0,03663003663
0,3664	0,105006105006	0,18315018315
0,3668	0,349206349206	0,417582417582
0,3672	0,573870573871	0,652014652015
0,3676	0,813186813187	0,891330891331
0,368	1,03785103785	1,10622710623
0,3684	1,27228327228	1,33089133089
0,3688	1,50183150183	1,55067155067
0,3692	1,7264957265	1,77045177045
0,3696	1,95604395604	1,99023199023
0,37	2,17582417582	2,21978021978
0,3704	2,40048840049	2,42490842491
0,3708	2,62026862027	2,63003663004
0,3712	2,84004884005	2,83028083028
0,3716	3,05006105006	3,02564102564
0,372	3,24542124542	3,221001221
0,3724	3,45543345543	3,40170940171
0,3728	3,66056166056	3,59706959707
0,3732	3,85592185592	3,77289377289
0,3736	4,0463980464	3,94871794872
0,374	4,22222222222	4,10989010989
0,3744	4,39804639805	4,26129426129
0,3748	4,5641025641	4,41758241758
0,3752	4,73015873016	4,5641025641
0,3756	4,89621489621	4,70085470085
0,376	5,04761904762	4,83272283272
0,3764	5,19413919414	4,96459096459
0,3768	5,33089133089	5,07203907204
0,3772	5,46764346764	5,17948717949
0,3776	5,57997557998	5,28205128205
0,378	5,69719169719	5,3601953602
0,3784	5,79487179487	5,44810744811
0,3788	5,89255189255	5,52625152625
0,3792	5,98534798535	5,57509157509
0,3796	6,05860805861	5,6336996337
0,38	6,1221001221	5,67277167277
0,3804	6,17094017094	5,69230769231
0,3808	6,21978021978	5,71672771673
0,3812	6,25396825397	5,73137973138
0,3816	6,29792429792	5,75091575092
0,382	6,30769230769	5,74603174603
0,3824	6,33211233211	5,73137973138
0,3828	6,33211233211	5,69719169719
0,3832	6,31257631258	5,64835164835
0,3836	6,29304029304	5,60927960928
0,384	6,25885225885	5,55555555556
0,3844	6,22466422466	5,49694749695
0,3848	6,18070818071	5,43345543346
0,3852	6,1221001221	5,34554334554
0,3856	6,04884004884	5,25274725275
0,386	5,97557997558	5,15018315018
0,3864	5,89255189255	5,04273504274
0,3868	5,79975579976	4,93528693529
0,3872	5,70207570208	4,8083028083
0,3876	5,58974358974	4,68131868132
0,388	5,46275946276	4,54456654457
0,3884	5,33577533578	4,38827838828
0,3888	5,19413919414	4,22710622711
0,3892	5,05738705739	4,07081807082
0,3896	4,90598290598	3,90476190476
0,39	4,74969474969	3,73382173382
0,3904	4,59340659341	3,557997558
0,3908	4,41758241758	3,37240537241
0,3912	4,24175824176	3,18681318681
0,3916	4,05128205128	2,98656898657
0,392	3,87057387057	2,79120879121
0,3924	3,68498168498	2,58608058608
0,3928	3,48962148962	2,38095238095
0,3932	3,28937728938	2,17582417582
0,3936	3,08424908425	1,96092796093
0,394	2,884004884	1,74603174603
0,3944	2,66422466422	1,52625152625
0,3948	2,44444444444	1,2967032967
0,3952	2,22954822955	1,07692307692
0,3956	2,00976800977	0,852258852259
0,396	1,79487179487	0,632478632479
0,3964	1,56043956044	0,40293040293
0,3968	1,33577533578	0,178266178266
0,3972	1,10622710623	-0,0561660561661
0,3976	0,871794871795	-0,28083028083
0,398	0,647130647131	-0,510378510379
0,3984	0,422466422466	-0,735042735043
0,3988	0,197802197802	-0,954822954823
0,3992	-0,03663003663	-1,17948717949
0,3996	-0,261294261294	-1,40903540904
0,4	-0,490842490842	-1,62881562882
0,4004	-0,730158730159	-1,85347985348
0,4008	-0,949938949939	-2,05860805861
0,4012	-1,16971916972	-2,2735042735
0,4016	-1,37973137973	-2,48351648352
0,402	-1,59951159951	-2,68864468864
0,4024	-1,81929181929	-2,88888888889
0,4028	-2,03418803419	-3,0989010989
0,4032	-2,24908424908	-3,28937728938
0,4036	-2,44444444444	-3,47496947497
0,404	-2,64957264957	-3,65567765568
0,4044	-2,83028083028	-3,8315018315
0,4048	-3,02564102564	-4,00244200244
0,4052	-3,20146520147	-4,1684981685
0,4056	-3,37728937729	-4,32478632479
0,406	-3,557997558	-4,48107448107
0,4064	-3,71428571429	-4,62271062271
0,4068	-3,87057387057	-4,75457875458
0,4072	-4,01709401709	-4,87667887668
0,4076	-4,15873015873	-4,99877899878
0,408	-4,29548229548	-5,11111111111
0,4084	-4,42246642247	-5,21367521368
0,4088	-4,54456654457	-5,32112332112
0,4092	-4,6568986569	-5,39926739927
0,4096	-4,75457875458	-5,47252747253
0,41	-4,83760683761	-5,53601953602
0,4104	-4,91575091575	-5,59462759463
0,4108	-4,99877899878	-5,64346764347
0,4112	-5,06227106227	-5,68742368742
0,4116	-5,12576312576	-5,72161172161
0,412	-5,16483516484	-5,74114774115
0,4124	-5,20390720391	-5,75091575092
0,4128	-5,22344322344	-5,74114774115
0,4132	-5,2380952381	-5,74603174603
0,4136	-5,25274725275	-5,73626373626
0,414	-5,25763125763	-5,70695970696
0,4144	-5,24786324786	-5,67277167277
0,4148	-5,22832722833	-5,62393162393
0,4152	-5,19902319902	-5,57020757021
0,4156	-5,15995115995	-5,50183150183
0,416	-5,10622710623	-5,43345543346
0,4164	-5,0525030525	-5,35531135531
0,4168	-4,98412698413	-5,2673992674
0,4172	-4,91086691087	-5,1746031746
0,4176	-4,83272283272	-5,06715506716
0,418	-4,73992673993	-4,94505494505
0,4184	-4,62759462759	-4,81318681319
0,4188	-4,52014652015	-4,6862026862
0,4192	-4,39804639805	-4,54456654457
0,4196	-4,26617826618	-4,39804639805
0,42	-4,12942612943	-4,25152625153
0,4204	-3,98778998779	-4,08058608059
0,4208	-3,83638583639	-3,91452991453
0,4212	-3,67032967033	-3,73382173382
0,4216	-3,50427350427	-3,54822954823
0,422	-3,32844932845	-3,35286935287
0,4224	-3,15262515263	-3,16239316239
0,4228	-2,95726495726	-2,9768009768
0,4232	-2,77167277167	-2,76678876679
0,4236	-2,57142857143	-2,55189255189
0,424	-2,37606837607	-2,336996337
0,4244	-2,16117216117	-2,11721611722
0,4248	-1,94627594628	-1,90231990232
0,4252	-1,73137973138	-1,67765567766
0,4256	-1,5115995116	-1,45299145299
0,426	-1,30158730159	-1,22832722833
0,4264	-1,07203907204	-0,998778998779
0,4268	-0,842490842491	-0,764346764347
0,4272	-0,608058608059	-0,529914529915
0,4276	-0,37851037851	-0,300366300366
0,428	-0,153846153846	-0,0708180708181
0,4284	0,0708180708181	0,153846153846
0,4288	0,30525030525	0,37851037851
0,4292	0,539682539683	0,617826617827
0,4296	0,774114774115	0,842490842491
0,43	1,00854700855	1,07692307692
0,4304	1,2380952381	1,2967032967
0,4308	1,46764346764	1,51648351648
0,4312	1,69230769231	1,74114774115
0,4316	1,91697191697	1,95604395604
0,432	2,14163614164	2,17094017094
0,4324	2,3663003663	2,38583638584
0,4328	2,59096459096	2,60073260073
0,4332	2,80586080586	2,80586080586
0,4336	3,01587301587	3,00122100122
0,434	3,22588522589	3,1916971917
0,4344	3,43101343101	3,37728937729
0,4348	3,62637362637	3,56288156288
0,4352	3,82661782662	3,74358974359
0,4356	4,01709401709	3,9242979243
0,436	4,1978021978	4,08547008547
0,4364	4,37362637363	4,24664224664
0,4368	4,55433455433	4,39804639805
0,4372	4,71062271062	4,5347985348
0,4376	4,87179487179	4,68131868132
0,438	5,01831501832	4,81807081807
0,4384	5,17948717949	4,94505494505
0,4388	5,32112332112	5,0525030525
0,4392	5,44322344322	5,16971916972
0,4396	5,57020757021	5,26251526252
0,44	5,67277167277	5,34554334554
0,4404	5,78021978022	5,42857142857
0,4408	5,87301587302	5,50183150183
0,4412	5,96581196581	5,57020757021
0,4416	6,04395604396	5,62881562882
0,442	6,11721611722	5,66788766789
0,4424	6,17094017094	5,70207570208
0,4428	6,21001221001	5,71184371184
0,4432	6,25885225885	5,73626373626
0,4436	6,28327228327	5,73137973138
0,444	6,31257631258	5,74114774115
0,4444	6,33211233211	5,73626373626
0,4448	6,33211233211	5,70695970696
0,4452	6,31257631258	5,67277167277
0,4456	6,28815628816	5,61904761905
0,446	6,25885225885	5,56043956044
0,4464	6,22954822955	5,50671550672
0,4468	6,18070818071	5,43345543346
0,4472	6,13186813187	5,36507936508
0,4476	6,06837606838	5,2673992674
0,448	5,99023199023	5,16971916972
0,4484	5,90231990232	5,05738705739
0,4488	5,81440781441	4,94505494505
0,4492	5,70695970696	4,82295482295
0,4496	5,59951159951	4,70085470085
0,45	5,48717948718	4,56898656899
0,4504	5,35042735043	4,4126984127
0,4508	5,22344322344	4,25641025641
0,4512	5,08180708181	4,10500610501
0,4516	4,92551892552	3,9242979243
0,452	4,76923076923	3,75335775336
0,4524	4,61294261294	3,58241758242
0,4528	4,44688644689	3,40659340659
0,4532	4,27594627595	3,21123321123
0,4536	4,09523809524	3,02075702076
0,454	3,89987789988	2,8253968254
0,4544	3,7094017094	2,60561660562
0,4548	3,50915750916	2,41025641026
0,4552	3,31868131868	2,20024420024
0,4556	3,12332112332	1,99511599512
0,456	2,91330891331	1,78021978022
0,4564	2,69841269841	1,55555555556
0,4568	2,47863247863	1,33089133089
0,4572	2,26373626374	1,10134310134
0,4576	2,04395604396	0,886446886447
0,458	1,81440781441	0,661782661783
0,4584	1,59462759463	0,437118437118
0,4588	1,36996336996	0,212454212454
0,4592	1,14041514042	-0,017094017094
0,4596	0,915750915751	-0,246642246642
0,46	0,676434676435	-0,485958485958
0,4604	0,45177045177	-0,705738705739
0,4608	0,222222222222	-0,925518925519
0,4612	0,002442002442	-1,15018315018
0,4616	-0,23199023199	-1,36996336996
0,462	-0,456654456654	-1,58974358974
0,4624	-0,686202686203	-1,80952380952
0,4628	-0,905982905983	-2,02442002442
0,4632	-1,14041514042	-2,24908424908
0,4636	-1,3601953602	-2,45421245421
0,464	-1,57509157509	-2,65934065934
0,4644	-1,7851037851	-2,85958485958
0,4648	-2	-3,05982905983
0,4652	-2,21001221001	-3,25518925519
0,4656	-2,41514041514	-3,44078144078
0,466	-2,61538461538	-3,63614163614
0,4664	-2,81074481074	-3,80708180708
0,4668	-2,99633699634	-3,97802197802
0,4672	-3,17216117216	-4,13431013431
0,4676	-3,35286935287	-4,30036630037
0,468	-3,51892551893	-4,45177045177
0,4684	-3,68986568987	-4,59340659341
0,4688	-3,85103785104	-4,73992673993
0,4692	-4,00244200244	-4,86691086691
0,4696	-4,13919413919	-4,98901098901
0,47	-4,27106227106	-5,09157509158
0,4704	-4,40293040293	-5,20390720391
0,4708	-4,52014652015	-5,30158730159
0,4712	-4,63247863248	-5,37484737485
0,4716	-4,73504273504	-5,46764346764
0,472	-4,83272283272	-5,53601953602
0,4724	-4,91575091575	-5,58974358974
0,4728	-4,98412698413	-5,6336996337
0,4732	-5,0525030525	-5,67765567766
0,4736	-5,10622710623	-5,71184371184
0,474	-5,15506715507	-5,73137973138
0,4744	-5,19902319902	-5,75091575092
0,4748	-5,22832722833	-5,75091575092
0,4752	-5,2380952381	-5,74603174603
0,4756	-5,25274725275	-5,73626373626
0,476	-5,25763125763	-5,71184371184
0,4764	-5,24786324786	-5,67277167277
0,4768	-5,22344322344	-5,62881562882
0,4772	-5,20879120879	-5,58485958486
0,4776	-5,16483516484	-5,52625152625
0,478	-5,12576312576	-5,45299145299
0,4784	-5,06715506716	-5,36996336996
0,4788	-4,99877899878	-5,27716727717
0,4792	-4,92063492063	-5,18925518926
0,4796	-4,84249084249	-5,07692307692
0,48	-4,75457875458	-4,96947496947
0,4804	-4,64713064713	-4,84737484737
0,4808	-4,54456654457	-4,71062271062
0,4812	-4,41758241758	-4,57387057387
0,4816	-4,2905982906	-4,42246642247
0,482	-4,14896214896	-4,26129426129
0,4824	-4,00732600733	-4,10500610501
0,4828	-3,86568986569	-3,93406593407
0,4832	-3,69963369963	-3,76312576313
0,4836	-3,53357753358	-3,58241758242
0,484	-3,35775335775	-3,39194139194
0,4844	-3,17216117216	-3,19658119658
0,4848	-2,98656898657	-2,99633699634
0,4852	-2,79609279609	-2,79120879121
0,4856	-2,60073260073	-2,58608058608
0,486	-2,41025641026	-2,37606837607
0,4864	-2,19536019536	-2,15628815629
0,4868	-1,98046398046	-1,93162393162
0,4872	-1,77045177045	-1,70695970696
0,4876	-1,55067155067	-1,48717948718
0,488	-1,33089133089	-1,26251526252
0,4884	-1,10622710623	-1,03296703297
0,4888	-0,881562881563	-0,803418803419
0,4892	-0,647130647131	-0,573870573871
0,4896	-0,422466422466	-0,32967032967
0,49	-0,18315018315	-0,105006105006
0,4904	0,046398046398	0,124542124542
0,4908	0,275946275946	0,35409035409
0,4912	0,505494505495	0,578754578755
0,4916	0,730158730159	0,808302808303
0,492	0,964590964591	1,03296703297
0,4924	1,19413919414	1,26251526252
0,4928	1,42857142857	1,48717948718
0,4932	1,663003663	1,71184371184
0,4936	1,88766788767	1,92673992674
0,494	2,11233211233	2,13186813187
0,4944	2,32234432234	2,34676434676
0,4948	2,55189255189	2,56166056166
0,4952	2,76678876679	2,7619047619
0,4956	2,98656898657	2,97191697192
0,496	3,19658119658	3,17216117216
0,4964	3,40170940171	3,35286935287
0,4968	3,60195360195	3,53846153846
0,4972	3,78754578755	3,71428571429
0,4976	3,98290598291	3,89010989011
0,498	4,1684981685	4,06105006105
0,4984	4,34920634921	4,22222222222
0,4988	4,52503052503	4,37362637363
0,4992	4,6862026862	4,52014652015
0,4996	4,84737484737	4,66178266178
0,5	4,99389499389	4,78388278388
