Vernier Format 2
rc_prof rogiers.cmbl 24/02/2025 09:30:03 ,
Latest
Time	Potential 1	Potential 2
t	Pot 1	Pot 2
s	V	V

0	6,09768009768	5,85347985348
0,004	-4,61782661783	5,67277167277
0,008	-4,61782661783	5,28205128205
0,012	-4,61294261294	4,89621489621
0,016	-4,62271062271	4,5347985348
0,02	-4,62271062271	4,18315018315
0,024	-4,62759462759	3,84126984127
0,028	-4,62271062271	3,52869352869
0,032	-4,62759462759	3,21123321123
0,036	-4,62759462759	2,92307692308
0,04	-4,62759462759	2,62026862027
0,044	-4,64224664225	2,33211233211
0,048	-4,63736263736	2,07814407814
0,052	-4,64713064713	1,81929181929
0,056	-4,64224664225	1,57509157509
0,06	-4,64224664225	1,33089133089
0,064	-4,64224664225	1,115995116
0,068	-4,64224664225	0,891330891331
0,072	-4,64713064713	0,681318681319
0,076	-4,64713064713	0,481074481074
0,08	-4,65201465201	0,28083028083
0,084	-4,64713064713	0,100122100122
0,088	-4,65201465201	-0,0854700854701
0,092	-4,64713064713	-0,251526251526
0,096	-4,66178266178	-0,417582417582
0,1	-4,65201465201	-0,568986568987
0,104	-4,6568986569	-0,735042735043
0,108	-4,6568986569	-0,876678876679
0,112	-4,6568986569	-1,01831501832
0,116	-4,66178266178	-1,15995115995
0,12	-4,6568986569	-1,28693528694
0,124	-4,66666666667	-1,41391941392
0,128	-4,66178266178	-1,53113553114
0,132	-4,66178266178	-1,65323565324
0,136	-4,6568986569	-1,7557997558
0,14	-4,66178266178	-1,86813186813
0,144	-4,66178266178	-1,9706959707
0,148	-4,6568986569	-2,06837606838
0,152	-4,66666666667	-2,17094017094
0,156	-4,66178266178	-2,25396825397
0,16	-4,66666666667	-2,35164835165
0,164	-4,66666666667	-2,42490842491
0,168	-4,66666666667	-2,5177045177
0,172	-4,66178266178	-2,58608058608
0,176	-4,66666666667	-2,66422466422
0,18	-4,66178266178	-2,73748473748
0,184	-4,66178266178	-2,80586080586
0,188	-4,67155067155	-2,87912087912
0,192	-4,66666666667	-2,94261294261
0,196	-4,66666666667	-3,00610500611
0,2	-4,66178266178	-3,05982905983
0,204	-4,67643467643	-3,13308913309
0,208	-4,6568986569	-3,16727716728
0,212	-4,66666666667	-3,22588522589
0,216	-4,66666666667	-3,27472527473
0,22	-4,66666666667	-3,32844932845
0,224	-4,66666666667	-3,38217338217
0,228	-4,66666666667	-3,42124542125
0,232	-4,67155067155	-3,47496947497
0,236	-4,66666666667	-3,50427350427
0,24	-4,67643467643	-3,55311355311
0,244	-4,66666666667	-3,58241758242
0,248	-4,66666666667	-3,62637362637
0,252	-4,67155067155	-3,66056166056
0,256	-4,66666666667	-3,69474969475
0,26	-4,67643467643	-3,71916971917
0,264	-4,67155067155	-3,76312576313
0,268	-4,68131868132	-3,79731379731
0,272	-4,66666666667	-3,82173382173
0,276	-4,68131868132	-3,85592185592
0,28	-4,67643467643	-3,87545787546
0,284	-4,67643467643	-3,89987789988
0,288	-4,67155067155	-3,9242979243
0,292	-4,6568986569	-3,93406593407
0,296	-4,66666666667	-3,96825396825
0,3	-4,6568986569	-3,98778998779
0,304	-4,67155067155	-4,01221001221
0,308	-4,66178266178	-4,02197802198
0,312	-4,66178266178	-4,06105006105
0,316	-4,6568986569	-4,06593406593
0,32	-4,66666666667	-4,08547008547
0,324	-4,66666666667	-4,10500610501
0,328	-4,66666666667	-4,11477411477
0,332	-4,66666666667	-4,13919413919
0,336	-4,6568986569	-4,14896214896
0,34	-4,66666666667	-4,17338217338
0,344	-4,66178266178	-4,17338217338
0,348	-4,66666666667	-4,19291819292
0,352	-4,66178266178	-4,21245421245
0,356	-4,66178266178	-4,22222222222
0,36	-4,66666666667	-4,23687423687
0,364	-4,66178266178	-4,24664224664
0,368	-4,66666666667	-4,25641025641
0,372	-4,6568986569	-4,26617826618
0,376	-4,66666666667	-4,28083028083
0,38	-4,6568986569	-4,28571428571
0,384	-4,67155067155	-4,31013431013
0,388	-4,66178266178	-4,31013431013
0,392	-4,66178266178	-4,31501831502
0,396	-4,66666666667	-4,32967032967
0,4	-4,66666666667	-4,33455433455
0,404	-4,67155067155	-4,34432234432
0,408	-4,66178266178	-4,34920634921
0,412	-4,66178266178	-4,36385836386
0,416	-4,6568986569	-4,36385836386
0,42	-4,66666666667	-4,37362637363
0,424	-4,66178266178	-4,37362637363
0,428	-4,66178266178	-4,38827838828
0,432	-4,66666666667	-4,39316239316
0,436	-4,66178266178	-4,39316239316
0,44	-4,66666666667	-4,40293040293
0,444	-4,66178266178	-4,40781440781
0,448	-4,67155067155	-4,42246642247
0,452	-4,6568986569	-4,4126984127
0,456	-4,66178266178	-4,42246642247
0,46	-4,6568986569	-4,42735042735
0,464	-4,66178266178	-4,43223443223
0,468	-4,66666666667	-4,43711843712
0,472	-4,66178266178	-4,442002442
0,476	-4,67643467643	-4,45177045177
0,48	-4,66178266178	-4,44688644689
0,484	-4,66666666667	-4,46153846154
0,488	6,06349206349	-4,14407814408
0,492	6,06349206349	-3,75824175824
0,496	6,06349206349	-3,38217338217
0,5	6,05860805861	-3,02564102564
0,504	6,05860805861	-2,67887667888
0,508	6,06349206349	-2,34188034188
0,512	6,05860805861	-2,0293040293
0,516	6,06349206349	-1,71672771673
0,52	6,06837606838	-1,42857142857
0,524	6,06837606838	-1,13553113553
0,528	6,06349206349	-0,866910866911
0,532	6,06349206349	-0,608058608059
0,536	6,05372405372	-0,363858363858
0,54	6,04884004884	-0,124542124542
0,544	6,06349206349	0,10989010989
0,548	6,05372405372	0,324786324786
0,552	6,06837606838	0,549450549451
0,556	6,04884004884	0,749694749695
0,56	6,05860805861	0,954822954823
0,564	6,05860805861	1,15018315018
0,568	6,05860805861	1,33577533578
0,572	6,06837606838	1,50671550672
0,576	6,06349206349	1,67765567766
0,58	6,06349206349	1,8485958486
0,584	6,06837606838	1,99511599512
0,588	6,06837606838	2,1514041514
0,592	6,06349206349	2,28815628816
0,596	6,07814407814	2,45421245421
0,6	6,06349206349	2,57142857143
0,604	6,07326007326	2,69841269841
0,608	6,06837606838	2,8253968254
0,612	6,07326007326	2,94261294261
0,616	6,07814407814	3,06471306471
0,62	6,06349206349	3,16727716728
0,624	6,07814407814	3,26984126984
0,628	6,06837606838	3,37240537241
0,632	6,07326007326	3,47496947497
0,636	6,07326007326	3,57264957265
0,64	6,06349206349	3,66056166056
0,644	6,08302808303	3,76312576313
0,648	6,07814407814	3,8315018315
0,652	6,08791208791	3,9242979243
0,656	6,07814407814	3,99267399267
0,66	6,08302808303	4,07081807082
0,664	6,08302808303	4,14407814408
0,668	6,08302808303	4,20757020757
0,672	6,08791208791	4,28571428571
0,676	6,08302808303	4,33943833944
0,68	6,08302808303	4,40781440781
0,684	6,07814407814	4,45665445665
0,688	6,08791208791	4,52503052503
0,692	6,08791208791	4,5641025641
0,696	6,08791208791	4,63247863248
0,7	6,08302808303	4,67155067155
0,704	6,07814407814	4,73015873016
0,708	6,08302808303	4,77411477411
0,712	6,08302808303	4,81807081807
0,716	6,08791208791	4,85714285714
0,72	6,08791208791	4,89133089133
0,724	6,0927960928	4,94505494505
0,728	6,07814407814	4,96947496947
0,732	6,08791208791	5,0231990232
0,736	6,0927960928	5,0525030525
0,74	6,08791208791	5,08669108669
0,744	6,08791208791	5,115995116
0,748	6,08302808303	5,15018315018
0,752	6,09768009768	5,17948717949
0,756	6,08302808303	5,21367521368
0,76	6,09768009768	5,24297924298
0,764	6,08791208791	5,25763125763
0,768	6,09768009768	5,30158730159
0,772	6,08791208791	5,31623931624
0,776	6,08302808303	5,33577533578
0,78	6,09768009768	5,3601953602
0,784	6,0927960928	5,39926739927
0,788	6,09768009768	5,4188034188
0,792	6,09768009768	5,43833943834
0,796	6,09768009768	5,46764346764
0,8	6,08791208791	5,47252747253
0,804	6,10256410256	5,49206349206
0,808	6,0927960928	5,5115995116
0,812	6,10256410256	5,52136752137
0,816	6,10256410256	5,5409035409
0,82	6,0927960928	5,56043956044
0,824	6,10744810745	5,57509157509
0,828	6,09768009768	5,57997557998
0,832	6,10256410256	5,60927960928
0,836	6,0927960928	5,60927960928
0,84	6,09768009768	5,6336996337
0,844	6,09768009768	5,64835164835
0,848	6,09768009768	5,65811965812
0,852	6,09768009768	5,66788766789
0,856	6,10256410256	5,67765567766
0,86	6,10256410256	5,68742368742
0,864	6,0927960928	5,69230769231
0,868	6,10744810745	5,71184371184
0,872	6,10744810745	5,71184371184
0,876	6,10744810745	5,7264957265
0,88	6,10256410256	5,73137973138
0,884	6,10256410256	5,74603174603
0,888	6,10256410256	5,7557997558
0,892	6,09768009768	5,76068376068
0,896	6,10744810745	5,77045177045
0,9	6,10256410256	5,76556776557
0,904	6,11233211233	5,7851037851
0,908	6,0927960928	5,7851037851
0,912	6,10744810745	5,79975579976
0,916	6,10744810745	5,79975579976
0,92	6,10256410256	5,80463980464
0,924	6,10744810745	5,80952380952
0,928	6,09768009768	5,81440781441
0,932	6,10744810745	5,81929181929
0,936	6,10256410256	5,82905982906
0,94	6,10744810745	5,83394383394
0,944	6,10744810745	5,84371184371
0,948	6,10256410256	5,83882783883
0,952	6,09768009768	5,85347985348
0,956	-4,61782661783	5,68253968254
0,96	-4,61294261294	5,28693528694
0,964	-4,62271062271	4,9010989011
0,968	-4,61782661783	4,53968253968
0,972	-4,62759462759	4,18315018315
0,976	-4,62271062271	3,85592185592
0,98	-4,62271062271	3,52380952381
0,984	-4,62759462759	3,21611721612
0,988	-4,62271062271	2,91819291819
0,992	-4,62759462759	2,62515262515
0,996	-4,62271062271	2,35653235653
1	-4,63736263736	2,08791208791
1,004	-4,62271062271	1,84371184371
1,008	-4,62759462759	1,58485958486
1,012	-4,63247863248	1,35531135531
1,016	-4,62759462759	1,12576312576
1,02	-4,63736263736	0,901098901099
1,024	-4,63247863248	0,695970695971
1,028	-4,65201465201	0,471306471306
1,032	-4,64713064713	0,295482295482
1,036	-4,6568986569	0,100122100122
1,04	-4,64224664225	-0,0708180708181
1,044	-4,64713064713	-0,251526251526
1,048	-4,65201465201	-0,417582417582
1,052	-4,65201465201	-0,568986568987
1,056	-4,6568986569	-0,735042735043
1,06	-4,6568986569	-0,876678876679
1,064	-4,6568986569	-1,01831501832
1,068	-4,6568986569	-1,15018315018
1,072	-4,6568986569	-1,2967032967
1,076	-4,65201465201	-1,40415140415
1,08	-4,66178266178	-1,53113553114
1,084	-4,66178266178	-1,63858363858
1,088	-4,6568986569	-1,76068376068
1,092	-4,66666666667	-1,86324786325
1,096	-4,66178266178	-1,96581196581
1,1	-4,67155067155	-2,07814407814
1,104	-4,6568986569	-2,16117216117
1,108	-4,6568986569	-2,26373626374
1,112	-4,6568986569	-2,336996337
1,116	-4,66178266178	-2,42979242979
1,12	-4,66666666667	-2,50793650794
1,124	-4,66178266178	-2,58608058608
1,128	-4,67155067155	-2,66910866911
1,132	-4,66178266178	-2,73748473748
1,136	-4,67155067155	-2,81074481074
1,14	-4,66178266178	-2,86935286935
1,144	-4,66666666667	-2,9474969475
1,148	-4,66178266178	-2,99633699634
1,152	-4,66666666667	-3,06471306471
1,156	-4,66666666667	-3,12332112332
1,16	-4,66178266178	-3,17216117216
1,164	-4,66666666667	-3,23076923077
1,168	-4,66666666667	-3,27960927961
1,172	-4,67155067155	-3,32844932845
1,176	-4,66178266178	-3,37240537241
1,18	-4,67155067155	-3,42612942613
1,184	-4,66666666667	-3,46031746032
1,188	-4,66666666667	-3,50915750916
1,192	-4,66666666667	-3,54822954823
1,196	-4,67643467643	-3,5873015873
1,2	-4,67155067155	-3,62637362637
1,204	-4,66666666667	-3,65079365079
1,208	-4,67155067155	-3,69963369963
1,212	-4,67155067155	-3,72405372405
1,216	-4,66666666667	-3,76800976801
1,22	-4,66666666667	-3,77777777778
1,224	-4,67643467643	-3,81684981685
1,228	-4,67155067155	-3,84615384615
1,232	-4,67155067155	-3,87545787546
1,236	-4,67643467643	-3,89987789988
1,24	-4,66666666667	-3,9242979243
1,244	-4,67643467643	-3,9536019536
1,248	-4,66666666667	-3,96825396825
1,252	-4,68131868132	-3,99755799756
1,256	-4,66666666667	-4,01709401709
1,26	-4,66666666667	-4,03663003663
1,264	-4,67155067155	-4,05616605617
1,268	-4,67155067155	-4,08058608059
1,272	-4,68131868132	-4,09523809524
1,276	-4,6568986569	-4,09523809524
1,28	-4,66666666667	-4,11965811966
1,284	-4,6568986569	-4,13431013431
1,288	-4,6568986569	-4,15873015873
1,292	-4,6568986569	-4,16361416361
1,296	-4,66666666667	-4,18315018315
1,3	-4,67155067155	-4,1978021978
1,304	-4,66666666667	-4,20757020757
1,308	-4,66666666667	-4,23199023199
1,312	-4,66178266178	-4,23199023199
1,316	-4,66666666667	-4,24664224664
1,32	-4,6568986569	-4,25641025641
1,324	-4,67155067155	-4,27594627595
1,328	-4,66666666667	-4,27594627595
1,332	-4,66178266178	-4,28571428571
1,336	-4,66666666667	-4,30036630037
1,34	-4,66666666667	-4,31013431013
1,344	-4,66666666667	-4,3199023199
1,348	-4,6568986569	-4,32967032967
1,352	-4,66666666667	-4,34432234432
1,356	-4,66178266178	-4,33455433455
1,36	-4,67155067155	-4,35897435897
1,364	-4,66666666667	-4,35897435897
1,368	-4,66666666667	-4,36385836386
1,372	-4,6568986569	-4,37362637363
1,376	-4,66178266178	-4,37851037851
1,38	-4,67155067155	-4,38827838828
1,384	-4,66178266178	-4,39316239316
1,388	-4,66666666667	-4,39804639805
1,392	-4,66178266178	-4,40293040293
1,396	-4,67155067155	-4,41758241758
1,4	-4,6568986569	-4,41758241758
1,404	-4,66178266178	-4,41758241758
1,408	-4,66666666667	-4,42735042735
1,412	-4,6568986569	-4,42735042735
1,416	-4,66666666667	-4,43223443223
1,42	-4,66178266178	-4,43223443223
1,424	-4,67155067155	-4,44688644689
1,428	-4,66178266178	-4,442002442
1,432	-4,66178266178	-4,46153846154
1,436	-4,66178266178	-4,44688644689
1,44	6,06349206349	-4,14896214896
1,444	6,05860805861	-3,76800976801
1,448	6,06349206349	-3,39194139194
1,452	6,05860805861	-3,03052503053
1,456	6,05372405372	-2,67399267399
1,46	6,05372405372	-2,35164835165
1,464	6,06837606838	-2,0293040293
1,468	6,05860805861	-1,72161172161
1,472	6,06837606838	-1,42368742369
1,476	6,06837606838	-1,15018315018
1,48	6,06837606838	-0,871794871795
1,484	6,07326007326	-0,603174603175
1,488	6,06837606838	-0,349206349206
1,492	6,06837606838	-0,10989010989
1,496	6,07326007326	0,114774114774
1,5	6,08302808303	0,35409035409
1,504	6,06837606838	0,559218559219
1,508	6,08302808303	0,774114774115
1,512	6,07326007326	0,964590964591
1,516	6,07326007326	1,15995115995
1,52	6,06837606838	1,33577533578
1,524	6,06349206349	1,50671550672
1,528	6,06349206349	1,68253968254
1,532	6,06349206349	1,84371184371
1,536	6,07326007326	2,00488400488
1,54	6,05860805861	2,14163614164
1,544	6,07814407814	2,30769230769
1,548	6,06837606838	2,43467643468
1,552	6,06837606838	2,57142857143
1,556	6,06837606838	2,69841269841
1,56	6,06837606838	2,8253968254
1,564	6,06837606838	2,9474969475
1,568	6,07326007326	3,05494505495
1,572	6,07814407814	3,17704517705
1,576	6,05860805861	3,28449328449
1,58	6,07326007326	3,38705738706
1,584	6,08302808303	3,47496947497
1,588	6,06837606838	3,57264957265
1,592	6,08302808303	3,66056166056
1,596	6,07814407814	3,75335775336
1,6	6,08302808303	3,84126984127
1,604	6,06837606838	3,90964590965
1,608	6,07814407814	3,99755799756
1,612	6,07326007326	4,06105006105
1,616	6,08302808303	4,13919413919
1,62	6,07814407814	4,21733821734
1,624	6,07326007326	4,28083028083
1,628	6,07814407814	4,33943833944
1,632	6,07326007326	4,40293040293
1,636	6,08302808303	4,46153846154
1,64	6,07814407814	4,51037851038
1,644	6,08302808303	4,58363858364
1,648	6,08302808303	4,62271062271
1,652	6,08302808303	4,67155067155
1,656	6,08791208791	4,73015873016
1,66	6,07326007326	4,76923076923
1,664	6,0927960928	4,81807081807
1,668	6,08302808303	4,85714285714
1,672	6,0927960928	4,9010989011
1,676	6,08791208791	4,93528693529
1,68	6,08791208791	4,98412698413
1,684	6,08791208791	5,01343101343
1,688	6,08302808303	5,05738705739
1,692	6,0927960928	5,08669108669
1,696	6,08302808303	5,115995116
1,7	6,08791208791	5,15506715507
1,704	6,08791208791	5,17948717949
1,708	6,0927960928	5,21367521368
1,712	6,08302808303	5,2380952381
1,716	6,09768009768	5,27228327228
1,72	6,0927960928	5,28693528694
1,724	6,09768009768	5,32112332112
1,728	6,09768009768	5,34065934066
1,732	6,08791208791	5,36507936508
1,736	6,0927960928	5,38461538462
1,74	6,08791208791	5,40903540904
1,744	6,09768009768	5,43345543346
1,748	6,08791208791	5,44322344322
1,752	6,10256410256	5,46764346764
1,756	6,0927960928	5,49206349206
1,76	6,09768009768	5,50183150183
1,764	6,09768009768	5,51648351648
1,768	6,0927960928	5,5409035409
1,772	6,11233211233	5,56532356532
1,776	6,10256410256	5,57509157509
1,78	6,10256410256	5,59462759463
1,784	6,09768009768	5,59951159951
1,788	6,10744810745	5,62393162393
1,792	6,09768009768	5,62881562882
1,796	6,10744810745	5,63858363858
1,8	6,10256410256	5,65323565324
1,804	6,10256410256	5,65811965812
1,808	6,10256410256	5,67765567766
1,812	6,10744810745	5,68742368742
1,816	6,10256410256	5,70207570208
1,82	6,09768009768	5,69719169719
1,824	6,10744810745	5,72161172161
1,828	6,10256410256	5,71184371184
1,832	6,09768009768	5,73626373626
1,836	6,10256410256	5,74114774115
1,84	6,09768009768	5,74603174603
1,844	6,10256410256	5,7557997558
1,848	6,10256410256	5,76068376068
1,852	6,10744810745	5,77045177045
1,856	6,09768009768	5,77533577534
1,86	6,10256410256	5,78998778999
1,864	6,10256410256	5,79487179487
1,868	6,09768009768	5,79975579976
1,872	6,09768009768	5,80952380952
1,876	6,09768009768	5,79975579976
1,88	6,10256410256	5,81440781441
1,884	6,08791208791	5,81440781441
1,888	6,10256410256	5,82905982906
1,892	6,08791208791	5,82417582418
1,896	6,10256410256	5,83394383394
1,9	6,09768009768	5,83394383394
1,904	6,0927960928	5,84371184371
1,908	-4,62271062271	5,67277167277
1,912	-4,62271062271	5,27716727717
1,916	-4,61294261294	4,88156288156
1,92	-4,62759462759	4,52503052503
1,924	-4,61294261294	4,18803418803
1,928	-4,62759462759	3,84126984127
1,932	-4,60805860806	3,53846153846
1,936	-4,61782661783	3,21611721612
1,94	-4,62759462759	2,91819291819
1,944	-4,62759462759	2,63492063492
1,948	-4,62759462759	2,35653235653
1,952	-4,62759462759	2,08791208791
1,956	-4,63247863248	1,82905982906
1,96	-4,62759462759	1,58485958486
1,964	-4,63736263736	1,34554334554
1,968	-4,63247863248	1,12087912088
1,972	-4,63247863248	0,910866910867
1,976	-4,63247863248	0,695970695971
1,98	-4,63247863248	0,500610500611
1,984	-4,63736263736	0,300366300366
1,988	-4,63247863248	0,119658119658
1,992	-4,64224664225	-0,0708180708181
1,996	-4,63247863248	-0,23199023199
2	-4,63247863248	-0,407814407814
2,004	-4,64224664225	-0,554334554335
2,008	-4,64224664225	-0,710622710623
2,012	-4,65201465201	-0,876678876679
2,016	-4,65201465201	-1,00854700855
2,02	-4,6568986569	-1,15018315018
2,024	-4,64713064713	-1,27716727717
2,028	-4,66178266178	-1,41391941392
2,032	-4,65201465201	-1,52136752137
2,036	-4,6568986569	-1,65323565324
2,04	-4,66178266178	-1,76068376068
2,044	-4,65201465201	-1,86324786325
2,048	-4,66178266178	-1,97557997558
2,052	-4,65201465201	-2,06349206349
2,056	-4,66178266178	-2,16605616606
2,06	-4,66178266178	-2,25885225885
2,064	-4,66178266178	-2,35164835165
2,068	-4,6568986569	-2,43956043956
2,072	-4,66666666667	-2,50793650794
2,076	-4,66666666667	-2,58608058608
2,08	-4,66666666667	-2,66910866911
2,084	-4,66666666667	-2,73748473748
2,088	-4,66178266178	-2,80586080586
2,092	-4,67643467643	-2,884004884
2,096	-4,66178266178	-2,93772893773
2,1	-4,67155067155	-3,01098901099
2,104	-4,66178266178	-3,05494505495
2,108	-4,66666666667	-3,11843711844
2,112	-4,67155067155	-3,18192918193
2,116	-4,66666666667	-3,23076923077
2,12	-4,67155067155	-3,28449328449
2,124	-4,66666666667	-3,32844932845
2,128	-4,66666666667	-3,38217338217
2,132	-4,66666666667	-3,41636141636
2,136	-4,67155067155	-3,47496947497
2,14	-4,66666666667	-3,50915750916
2,144	-4,66666666667	-3,54822954823
2,148	-4,67155067155	-3,5873015873
2,152	-4,67155067155	-3,62148962149
2,156	-4,67155067155	-3,66056166056
2,16	-4,66666666667	-3,68986568987
2,164	-4,67155067155	-3,72893772894
2,168	-4,67155067155	-3,75335775336
2,172	-4,67155067155	-3,79242979243
2,176	-4,67155067155	-3,82173382173
2,18	-4,66666666667	-3,84615384615
2,184	-4,67643467643	-3,87545787546
2,188	-4,66666666667	-3,90476190476
2,192	-4,67643467643	-3,92918192918
2,196	-4,66666666667	-3,94383394383
2,2	-4,67643467643	-3,98290598291
2,204	-4,66666666667	-3,99267399267
2,208	-4,66666666667	-4,01221001221
2,212	-4,67643467643	-4,04151404151
2,216	-4,67155067155	-4,05128205128
2,22	-4,67643467643	-4,08058608059
2,224	-4,67155067155	-4,09035409035
2,228	-4,67643467643	-4,11965811966
2,232	-4,67155067155	-4,12454212454
2,236	-4,67155067155	-4,14896214896
2,24	-4,67643467643	-4,16361416361
2,244	-4,67155067155	-4,17826617827
2,248	-4,67643467643	-4,1978021978
2,252	-4,67643467643	-4,20757020757
2,256	-4,67643467643	-4,22710622711
2,26	-4,66666666667	-4,22222222222
2,264	-4,6568986569	-4,24175824176
2,268	-4,66178266178	-4,24175824176
2,272	-4,66178266178	-4,26129426129
2,276	-4,66178266178	-4,27106227106
2,28	-4,66666666667	-4,28083028083
2,284	-4,66178266178	-4,2905982906
2,288	-4,6568986569	-4,29548229548
2,292	-4,66666666667	-4,31501831502
2,296	-4,66178266178	-4,31501831502
2,3	-4,66666666667	-4,32967032967
2,304	-4,66178266178	-4,32967032967
2,308	-4,66178266178	-4,34432234432
2,312	-4,66178266178	-4,35409035409
2,316	-4,66178266178	-4,35897435897
2,32	-4,67155067155	-4,36874236874
2,324	-4,66666666667	-4,37362637363
2,328	-4,67155067155	-4,38339438339
2,332	-4,6568986569	-4,38339438339
2,336	-4,66178266178	-4,39316239316
2,34	-4,66666666667	-4,39316239316
2,344	-4,66178266178	-4,40293040293
2,348	-4,66666666667	-4,4126984127
2,352	-4,66178266178	-4,4126984127
2,356	-4,67155067155	-4,42735042735
2,36	-4,66178266178	-4,42246642247
2,364	-4,67155067155	-4,43711843712
2,368	-4,66178266178	-4,43223443223
2,372	-4,66178266178	-4,442002442
2,376	-4,66666666667	-4,442002442
2,38	-4,66178266178	-4,442002442
2,384	-4,66666666667	-4,45665445665
2,388	-4,66666666667	-4,45665445665
2,392	6,04884004884	-4,14896214896
2,396	6,04884004884	-3,75824175824
2,4	6,04884004884	-3,38705738706
2,404	6,06837606838	-3,02075702076
2,408	6,05860805861	-2,67399267399
2,412	6,05860805861	-2,34188034188
2,416	6,06837606838	-2,01953601954
2,42	6,05860805861	-1,71184371184
2,424	6,06837606838	-1,4188034188
2,428	6,05860805861	-1,13064713065
2,432	6,07326007326	-0,862026862027
2,436	6,06837606838	-0,598290598291
2,44	6,07814407814	-0,339438339438
2,444	6,07326007326	-0,105006105006
2,448	6,07326007326	0,124542124542
2,452	6,06837606838	0,349206349206
2,456	6,07326007326	0,564102564103
2,46	6,07814407814	0,769230769231
2,464	6,06837606838	0,969474969475
2,468	6,07814407814	1,16483516484
2,472	6,07326007326	1,34065934066
2,476	6,06837606838	1,52625152625
2,48	6,08302808303	1,69719169719
2,484	6,07814407814	1,85836385836
2,488	6,08791208791	2,01953601954
2,492	6,07814407814	2,16605616606
2,496	6,08791208791	2,32234432234
2,5	6,08302808303	2,44932844933
2,504	6,07814407814	2,58608058608
2,508	6,06837606838	2,7032967033
2,512	6,07814407814	2,83028083028
2,516	6,07814407814	2,95238095238
2,52	6,07326007326	3,06471306471
2,524	6,07326007326	3,17704517705
2,528	6,06837606838	3,27472527473
2,532	6,08791208791	3,38705738706
2,536	6,06837606838	3,48473748474
2,54	6,07326007326	3,57753357753
2,544	6,08791208791	3,67521367521
2,548	6,08302808303	3,75824175824
2,552	6,08302808303	3,84126984127
2,556	6,07814407814	3,9242979243
2,56	6,07814407814	3,99755799756
2,564	6,07814407814	4,06593406593
2,568	6,07814407814	4,13919413919
2,572	6,07814407814	4,20757020757
2,576	6,07814407814	4,28083028083
2,58	6,08302808303	4,34432234432
2,584	6,07814407814	4,40293040293
2,588	6,08302808303	4,46642246642
2,592	6,07326007326	4,51526251526
2,596	6,07814407814	4,57875457875
2,6	6,07814407814	4,61782661783
2,604	6,08302808303	4,67643467643
2,608	6,07814407814	4,72039072039
2,612	6,08302808303	4,76923076923
2,616	6,08302808303	4,81807081807
2,62	6,08302808303	4,86202686203
2,624	6,08302808303	4,9010989011
2,628	6,07814407814	4,9304029304
2,632	6,08791208791	4,97924297924
2,636	6,07814407814	5,00854700855
2,64	6,08791208791	5,06227106227
2,644	6,07814407814	5,07203907204
2,648	6,08791208791	5,12576312576
2,652	6,08302808303	5,15506715507
2,656	6,07814407814	5,17948717949
2,66	6,08791208791	5,20879120879
2,664	6,08302808303	5,22832722833
2,668	6,0927960928	5,26251526252
2,672	6,08791208791	5,28693528694
2,676	6,0927960928	5,32112332112
2,68	6,08302808303	5,34065934066
2,684	6,08302808303	5,35531135531
2,688	6,08791208791	5,37973137973
2,692	6,08791208791	5,40415140415
2,696	6,08791208791	5,42857142857
2,7	6,08791208791	5,44810744811
2,704	6,08302808303	5,46764346764
2,708	6,08791208791	5,4822954823
2,712	6,09768009768	5,50671550672
2,716	6,08791208791	5,5115995116
2,72	6,0927960928	5,54578754579
2,724	6,09768009768	5,55555555556
2,728	6,0927960928	5,56532356532
2,732	6,0927960928	5,58485958486
2,736	6,08302808303	5,59462759463
2,74	6,0927960928	5,61416361416
2,744	6,07814407814	5,62393162393
2,748	6,08791208791	5,6336996337
2,752	6,10256410256	5,65323565324
2,756	6,10256410256	5,66788766789
2,76	6,10256410256	5,68253968254
2,764	6,10256410256	5,68742368742
2,768	6,10744810745	5,70695970696
2,772	6,10256410256	5,70207570208
2,776	6,10256410256	5,72161172161
2,78	6,10256410256	5,71672771673
2,784	6,10744810745	5,74603174603
2,788	6,10256410256	5,74114774115
2,792	6,0927960928	5,74603174603
2,796	6,10256410256	5,7557997558
2,8	6,09768009768	5,76556776557
2,804	6,10744810745	5,78021978022
2,808	6,09768009768	5,77533577534
2,812	6,09768009768	5,79487179487
2,816	6,10744810745	5,79487179487
2,82	6,09768009768	5,79487179487
2,824	6,09768009768	5,80463980464
2,828	6,0927960928	5,80463980464
2,832	6,09768009768	5,81440781441
2,836	6,0927960928	5,81440781441
2,84	6,10256410256	5,82905982906
2,844	6,09768009768	5,82905982906
2,848	6,0927960928	5,83882783883
2,852	6,0927960928	5,83882783883
2,856	6,0927960928	5,83394383394
2,86	-4,61294261294	5,663003663
2,864	-4,62759462759	5,2673992674
2,868	-4,61782661783	4,90598290598
2,872	-4,62271062271	4,52503052503
2,876	-4,61782661783	4,18315018315
2,88	-4,61782661783	3,84126984127
2,884	-4,62271062271	3,51892551893
2,888	-4,62271062271	3,21123321123
2,892	-4,62759462759	2,90354090354
2,896	-4,62759462759	2,62515262515
2,9	-4,63247863248	2,34188034188
2,904	-4,62271062271	2,08791208791
2,908	-4,63736263736	1,82905982906
2,912	-4,63247863248	1,58485958486
2,916	-4,62759462759	1,34065934066
2,92	-4,63247863248	1,12087912088
2,924	-4,62759462759	0,901098901099
2,928	-4,63736263736	0,686202686203
2,932	-4,63736263736	0,490842490842
2,936	-4,63736263736	0,285714285714
2,94	-4,63736263736	0,114774114774
2,944	-4,64224664225	-0,0708180708181
2,948	-4,63736263736	-0,241758241758
2,952	-4,63247863248	-0,407814407814
2,956	-4,64224664225	-0,564102564103
2,96	-4,63736263736	-0,715506715507
2,964	-4,64713064713	-0,871794871795
2,968	-4,63736263736	-1,00366300366
2,972	-4,63736263736	-1,14041514042
2,976	-4,64224664225	-1,27228327228
2,98	-4,64224664225	-1,39438339438
2,984	-4,64224664225	-1,52625152625
2,988	-4,64713064713	-1,6336996337
2,992	-4,65201465201	-1,75091575092
2,996	-4,6568986569	-1,86324786325
3	-4,6568986569	-1,9706959707
3,004	-4,66178266178	-2,06349206349
3,008	-4,66178266178	-2,16117216117
3,012	-4,6568986569	-2,25885225885
3,016	-4,66178266178	-2,34676434676
3,02	-4,66178266178	-2,43467643468
3,024	-4,66178266178	-2,51282051282
3,028	-4,67155067155	-2,59096459096
3,032	-4,66178266178	-2,65934065934
3,036	-4,66178266178	-2,73748473748
3,04	-4,66666666667	-2,80586080586
3,044	-4,6568986569	-2,87912087912
3,048	-4,66666666667	-2,9474969475
3,052	-4,66666666667	-3,00122100122
3,056	-4,67155067155	-3,06471306471
3,06	-4,66178266178	-3,11843711844
3,064	-4,67155067155	-3,17216117216
3,068	-4,67155067155	-3,23076923077
3,072	-4,66666666667	-3,27960927961
3,076	-4,67155067155	-3,33333333333
3,08	-4,67155067155	-3,37240537241
3,084	-4,67155067155	-3,43101343101
3,088	-4,66666666667	-3,4652014652
3,092	-4,66666666667	-3,51892551893
3,096	-4,66666666667	-3,54334554335
3,1	-4,67155067155	-3,58241758242
3,104	-4,67643467643	-3,62637362637
3,108	-4,66666666667	-3,66056166056
3,112	-4,66666666667	-3,69963369963
3,116	-4,67643467643	-3,72405372405
3,12	-4,67643467643	-3,76800976801
3,124	-4,67155067155	-3,78754578755
3,128	-4,67155067155	-3,8315018315
3,132	-4,67155067155	-3,84615384615
3,136	-4,66666666667	-3,88034188034
3,14	-4,67643467643	-3,90476190476
3,144	-4,66666666667	-3,92918192918
3,148	-4,67643467643	-3,95848595849
3,152	-4,67155067155	-3,97313797314
3,156	-4,67643467643	-4,00732600733
3,16	-4,67155067155	-4,01709401709
3,164	-4,67155067155	-4,04151404151
3,168	-4,67643467643	-4,06105006105
3,172	-4,67155067155	-4,0757020757
3,176	-4,68131868132	-4,10012210012
3,18	-4,66666666667	-4,11477411477
3,184	-4,67643467643	-4,13919413919
3,188	-4,67643467643	-4,14896214896
3,192	-4,67643467643	-4,17338217338
3,196	-4,66666666667	-4,17338217338
3,2	-4,67155067155	-4,1978021978
3,204	-4,67643467643	-4,21245421245
3,208	-4,67155067155	-4,22222222222
3,212	-4,67643467643	-4,23687423687
3,216	-4,66666666667	-4,24175824176
3,22	-4,68131868132	-4,26617826618
3,224	-4,67643467643	-4,27106227106
3,228	-4,67643467643	-4,28083028083
3,232	-4,67643467643	-4,29548229548
3,236	-4,67155067155	-4,30036630037
3,24	-4,68131868132	-4,31501831502
3,244	-4,66666666667	-4,30525030525
3,248	-4,66666666667	-4,3199023199
3,252	-4,66178266178	-4,32967032967
3,256	-4,66666666667	-4,34432234432
3,26	-4,66178266178	-4,34432234432
3,264	-4,66178266178	-4,35409035409
3,268	-4,66666666667	-4,36385836386
3,272	-4,66178266178	-4,36385836386
3,276	-4,66666666667	-4,37362637363
3,28	-4,66178266178	-4,37851037851
3,284	-4,66666666667	-4,39316239316
3,288	-4,66178266178	-4,39316239316
3,292	-4,66666666667	-4,40293040293
3,296	-4,6568986569	-4,40293040293
3,3	-4,66178266178	-4,4126984127
3,304	-4,66178266178	-4,41758241758
3,308	-4,67643467643	-4,42246642247
3,312	-4,66666666667	-4,43223443223
3,316	-4,66178266178	-4,43223443223
3,32	-4,66666666667	-4,44688644689
3,324	-4,66178266178	-4,43223443223
3,328	-4,66178266178	-4,442002442
3,332	-4,66666666667	-4,45177045177
3,336	-4,66178266178	-4,45177045177
3,34	-4,66666666667	-4,46153846154
3,344	6,05860805861	-4,13919413919
3,348	6,05372405372	-3,75824175824
3,352	6,05860805861	-3,37728937729
3,356	6,04884004884	-3,02564102564
3,36	6,06837606838	-2,67399267399
3,364	6,06349206349	-2,34188034188
3,368	6,05372405372	-2,01953601954
3,372	6,06349206349	-1,71184371184
3,376	6,06349206349	-1,42368742369
3,38	6,06349206349	-1,13064713065
3,384	6,05860805861	-0,876678876679
3,388	6,06837606838	-0,593406593407
3,392	6,05860805861	-0,344322344322
3,396	6,06837606838	-0,105006105006
3,4	6,06837606838	0,129426129426
3,404	6,06349206349	0,349206349206
3,408	6,07326007326	0,564102564103
3,412	6,06837606838	0,764346764347
3,416	6,07814407814	0,969474969475
3,42	6,06837606838	1,1746031746
3,424	6,08302808303	1,35042735043
3,428	6,07814407814	1,52625152625
3,432	6,07814407814	1,69719169719
3,436	6,08302808303	1,86324786325
3,44	6,07814407814	2,00976800977
3,444	6,07814407814	2,17094017094
3,448	6,07814407814	2,30769230769
3,452	6,08302808303	2,45421245421
3,456	6,08791208791	2,5811965812
3,46	6,08302808303	2,72283272283
3,464	6,07814407814	2,84493284493
3,468	6,08302808303	2,95726495726
3,472	6,08791208791	3,07936507937
3,476	6,08302808303	3,1916971917
3,48	6,0927960928	3,29914529915
3,484	6,07814407814	3,38705738706
3,488	6,08302808303	3,48962148962
3,492	6,08302808303	3,57753357753
3,496	6,07326007326	3,66544566545
3,5	6,08302808303	3,75824175824
3,504	6,07814407814	3,83638583639
3,508	6,08302808303	3,9242979243
3,512	6,07326007326	3,99755799756
3,516	6,07814407814	4,0757020757
3,52	6,08791208791	4,13919413919
3,524	6,08302808303	4,21733821734
3,528	6,07814407814	4,27594627595
3,532	6,08302808303	4,34432234432
3,536	6,08302808303	4,40293040293
3,54	6,07814407814	4,46642246642
3,544	6,08302808303	4,52503052503
3,548	6,07814407814	4,58852258852
3,552	6,08791208791	4,63247863248
3,556	6,08302808303	4,67155067155
3,56	6,08791208791	4,72527472527
3,564	6,07814407814	4,76923076923
3,568	6,07814407814	4,81807081807
3,572	6,08791208791	4,86202686203
3,576	6,08302808303	4,89621489621
3,58	6,08791208791	4,94017094017
3,584	6,08302808303	4,97435897436
3,588	6,08302808303	5,01831501832
3,592	6,07814407814	5,04761904762
3,596	6,08791208791	5,08669108669
3,6	6,07814407814	5,12087912088
3,604	6,08302808303	5,1452991453
3,608	6,08302808303	5,17948717949
3,612	6,08791208791	5,19902319902
3,616	6,08791208791	5,24297924298
3,62	6,08302808303	5,25274725275
3,624	6,09768009768	5,30158730159
3,628	6,08302808303	5,31135531136
3,632	6,08791208791	5,34554334554
3,636	6,08302808303	5,35531135531
3,64	6,08302808303	5,37484737485
3,644	6,08791208791	5,39926739927
3,648	6,07326007326	5,41391941392
3,652	6,09768009768	5,44322344322
3,656	6,0927960928	5,46275946276
3,66	6,08302808303	5,48717948718
3,664	6,08791208791	5,50671550672
3,668	6,08302808303	5,51648351648
3,672	6,08791208791	5,53601953602
3,676	6,08302808303	5,55067155067
3,68	6,08791208791	5,56532356532
3,684	6,07814407814	5,57020757021
3,688	6,08791208791	5,59951159951
3,692	6,08302808303	5,59951159951
3,696	6,08791208791	5,61904761905
3,7	6,08302808303	5,6336996337
3,704	6,08302808303	5,63858363858
3,708	6,08791208791	5,65323565324
3,712	6,08302808303	5,663003663
3,716	6,0927960928	5,67765567766
3,72	6,08302808303	5,68742368742
3,724	6,0927960928	5,69230769231
3,728	6,08791208791	5,70695970696
3,732	6,08791208791	5,71672771673
3,736	6,10256410256	5,73626373626
3,74	6,09768009768	5,74603174603
3,744	6,10256410256	5,75091575092
3,748	6,09768009768	5,75091575092
3,752	6,10256410256	5,77533577534
3,756	6,09768009768	5,77533577534
3,76	6,10744810745	5,7851037851
3,764	6,10744810745	5,78998778999
3,768	6,10744810745	5,79487179487
3,772	6,10744810745	5,79975579976
3,776	6,09768009768	5,80463980464
3,78	6,10256410256	5,81440781441
3,784	6,09768009768	5,81929181929
3,788	6,11233211233	5,82905982906
3,792	6,10256410256	5,81440781441
3,796	6,10256410256	5,83882783883
3,8	6,10256410256	5,83394383394
3,804	6,09768009768	5,83394383394
3,808	6,09768009768	5,8485958486
3,812	-4,62271062271	5,65323565324
3,816	-4,61782661783	5,2673992674
3,82	-4,62271062271	4,88156288156
3,824	-4,61294261294	4,52991452991
3,828	-4,62271062271	4,16361416361
3,832	-4,61782661783	3,83638583639
3,836	-4,61782661783	3,51404151404
3,84	-4,62271062271	3,20146520147
3,844	-4,62271062271	2,90354090354
3,848	-4,62759462759	2,6105006105
3,852	-4,62759462759	2,34188034188
3,856	-4,63736263736	2,06837606838
3,86	-4,62271062271	1,82905982906
3,864	-4,62759462759	1,57020757021
3,868	-4,63736263736	1,34065934066
3,872	-4,62759462759	1,11111111111
3,876	-4,63736263736	0,891330891331
3,88	-4,63247863248	0,691086691087
3,884	-4,64224664225	0,47619047619
3,888	-4,63736263736	0,295482295482
3,892	-4,64713064713	0,100122100122
3,896	-4,63247863248	-0,0757020757021
3,9	-4,63736263736	-0,246642246642
3,904	-4,64224664225	-0,412698412698
3,908	-4,64224664225	-0,573870573871
3,912	-4,64224664225	-0,730158730159
3,916	-4,64224664225	-0,866910866911
3,92	-4,64713064713	-1,01831501832
3,924	-4,63736263736	-1,1452991453
3,928	-4,64224664225	-1,28205128205
3,932	-4,64713064713	-1,39438339438
3,936	-4,63736263736	-1,52625152625
3,94	-4,65201465201	-1,64346764347
3,944	-4,64713064713	-1,7557997558
3,948	-4,65201465201	-1,85836385836
3,952	-4,64224664225	-1,96581196581
3,956	-4,65201465201	-2,06837606838
3,96	-4,65201465201	-2,15628815629
3,964	-4,65201465201	-2,24908424908
3,968	-4,6568986569	-2,336996337
3,972	-4,64713064713	-2,41514041514
3,976	-4,64713064713	-2,50793650794
3,98	-4,6568986569	-2,58608058608
3,984	-4,67155067155	-2,67399267399
3,988	-4,66178266178	-2,73748473748
3,992	-4,66178266178	-2,81562881563
3,996	-4,66178266178	-2,86935286935
4	-4,66666666667	-2,94261294261
4,004	-4,66666666667	-3,00610500611
4,008	-4,66666666667	-3,06471306471
4,012	-4,67155067155	-3,12332112332
4,016	-4,66666666667	-3,17704517705
4,02	-4,67155067155	-3,23565323565
4,024	-4,66666666667	-3,27960927961
4,028	-4,67643467643	-3,33821733822
4,032	-4,67155067155	-3,37728937729
4,036	-4,67155067155	-3,42124542125
4,04	-4,67155067155	-3,4652014652
4,044	-4,66666666667	-3,50427350427
4,048	-4,67155067155	-3,55311355311
4,052	-4,66666666667	-3,58241758242
4,056	-4,67643467643	-3,63125763126
4,06	-4,66178266178	-3,65567765568
4,064	-4,67155067155	-3,69963369963
4,068	-4,67155067155	-3,72405372405
4,072	-4,66666666667	-3,75824175824
4,076	-4,67643467643	-3,79242979243
4,08	-4,66666666667	-3,82173382173
4,084	-4,67643467643	-3,85592185592
4,088	-4,66666666667	-3,87057387057
4,092	-4,68131868132	-3,90476190476
4,096	-4,66666666667	-3,9242979243
4,1	-4,67643467643	-3,9536019536
4,104	-4,67643467643	-3,97802197802
4,108	-4,66666666667	-3,99755799756
4,112	-4,67643467643	-4,02197802198
4,116	-4,66666666667	-4,04151404151
4,12	-4,68131868132	-4,06593406593
4,124	-4,67155067155	-4,0757020757
4,128	-4,67643467643	-4,10500610501
4,132	-4,67155067155	-4,10989010989
4,136	-4,67643467643	-4,12942612943
4,14	-4,67643467643	-4,14896214896
4,144	-4,67643467643	-4,16361416361
4,148	-4,67643467643	-4,18315018315
4,152	-4,67155067155	-4,19291819292
4,156	-4,68131868132	-4,21245421245
4,16	-4,67155067155	-4,21733821734
4,164	-4,67643467643	-4,24175824176
4,168	-4,67643467643	-4,24175824176
4,172	-4,67155067155	-4,25641025641
4,176	-4,67643467643	-4,26617826618
4,18	-4,68131868132	-4,28571428571
4,184	-4,68131868132	-4,29548229548
4,188	-4,67643467643	-4,30525030525
4,192	-4,68131868132	-4,3199023199
4,196	-4,67643467643	-4,31501831502
4,2	-4,6862026862	-4,33943833944
4,204	-4,67155067155	-4,33943833944
4,208	-4,67643467643	-4,34920634921
4,212	-4,68131868132	-4,36385836386
4,216	-4,67155067155	-4,36385836386
4,22	-4,6862026862	-4,37851037851
4,224	-4,67643467643	-4,37851037851
4,228	-4,66666666667	-4,37851037851
4,232	-4,6568986569	-4,37851037851
4,236	-4,66178266178	-4,38827838828
4,24	-4,66666666667	-4,38827838828
4,244	-4,66178266178	-4,39804639805
4,248	-4,66666666667	-4,40293040293
4,252	-4,66178266178	-4,40781440781
4,256	-4,66178266178	-4,41758241758
4,26	-4,66178266178	-4,42246642247
4,264	-4,67155067155	-4,43223443223
4,268	-4,6568986569	-4,42735042735
4,272	-4,66666666667	-4,43223443223
4,276	-4,66666666667	-4,442002442
4,28	-4,66178266178	-4,442002442
4,284	-4,67155067155	-4,45177045177
4,288	-4,66178266178	-4,44688644689
4,292	-4,67155067155	-4,46153846154
4,296	6,05860805861	-4,11965811966
4,3	6,05372405372	-3,73870573871
4,304	6,05372405372	-3,35286935287
4,308	6,05860805861	-3,00122100122
4,312	6,05860805861	-2,65934065934
4,316	6,05860805861	-2,32722832723
4,32	6,06349206349	-2,00976800977
4,324	6,06837606838	-1,69719169719
4,328	6,05860805861	-1,40903540904
4,332	6,06349206349	-1,12087912088
4,336	6,06837606838	-0,852258852259
4,34	6,06837606838	-0,588522588523
4,344	6,07326007326	-0,334554334554
4,348	6,06837606838	-0,0903540903541
4,352	6,07814407814	0,13431013431
4,356	6,06837606838	0,35409035409
4,36	6,08302808303	0,578754578755
4,364	6,06837606838	0,769230769231
4,368	6,06837606838	0,984126984127
4,372	6,07326007326	1,1746031746
4,376	6,07814407814	1,3601953602
4,38	6,07814407814	1,53113553114
4,384	6,07814407814	1,69719169719
4,388	6,07814407814	1,86813186813
4,392	6,07326007326	2,01465201465
4,396	6,08791208791	2,17582417582
4,4	6,07326007326	2,30769230769
4,404	6,08302808303	2,4590964591
4,408	6,07814407814	2,58608058608
4,412	6,07814407814	2,71306471306
4,416	6,08302808303	2,83516483516
4,42	6,07814407814	2,96214896215
4,424	6,08791208791	3,07936507937
4,428	6,07814407814	3,17704517705
4,432	6,08791208791	3,29914529915
4,436	6,08791208791	3,39682539683
4,44	6,08302808303	3,49938949939
4,444	6,08302808303	3,59218559219
4,448	6,08302808303	3,67521367521
4,452	6,0927960928	3,76800976801
4,456	6,07814407814	3,84615384615
4,46	6,08791208791	3,93406593407
4,464	6,08302808303	3,99755799756
4,468	6,09768009768	4,08547008547
4,472	6,07814407814	4,14407814408
4,476	6,07814407814	4,21733821734
4,48	6,07814407814	4,27594627595
4,484	6,07814407814	4,34432234432
4,488	6,08302808303	4,40293040293
4,492	6,07814407814	4,46153846154
4,496	6,08791208791	4,52503052503
4,5	6,07814407814	4,5641025641
4,504	6,08791208791	4,63247863248
4,508	6,08791208791	4,67643467643
4,512	6,08791208791	4,73015873016
4,516	6,08791208791	4,77411477411
4,52	6,08791208791	4,81807081807
4,524	6,0927960928	4,86202686203
4,528	6,08302808303	4,89133089133
4,532	6,0927960928	4,95482295482
4,536	6,08302808303	4,97435897436
4,54	6,0927960928	5,0231990232
4,544	6,08791208791	5,06227106227
4,548	6,07814407814	5,09157509158
4,552	6,08791208791	5,12576312576
4,556	6,07814407814	5,14041514042
4,56	6,0927960928	5,18925518926
4,564	6,08791208791	5,20879120879
4,568	6,08791208791	5,24297924298
4,572	6,0927960928	5,25763125763
4,576	6,0927960928	5,30158730159
4,58	6,08791208791	5,31623931624
4,584	6,08791208791	5,34065934066
4,588	6,0927960928	5,36507936508
4,592	6,08302808303	5,3894993895
4,596	6,08791208791	5,40903540904
4,6	6,08791208791	5,4188034188
4,604	6,09768009768	5,45299145299
4,608	6,08791208791	5,46764346764
4,612	6,08791208791	5,4822954823
4,616	6,08302808303	5,50183150183
4,62	6,08302808303	5,5115995116
4,624	6,0927960928	5,52625152625
4,628	6,07814407814	5,5409035409
4,632	6,08302808303	5,56532356532
4,636	6,08791208791	5,56532356532
4,64	6,0927960928	5,59951159951
4,644	6,08302808303	5,59951159951
4,648	6,08791208791	5,61904761905
4,652	6,08791208791	5,62881562882
4,656	6,08791208791	5,64346764347
4,66	6,08791208791	5,65811965812
4,664	6,08302808303	5,65323565324
4,668	6,0927960928	5,68253968254
4,672	6,08302808303	5,67765567766
4,676	6,0927960928	5,69719169719
4,68	6,0927960928	5,70695970696
4,684	6,07814407814	5,71184371184
4,688	6,08791208791	5,72161172161
4,692	6,07814407814	5,7264957265
4,696	6,0927960928	5,73626373626
4,7	6,0927960928	5,74114774115
4,704	6,08791208791	5,76068376068
4,708	6,08302808303	5,76068376068
4,712	6,08791208791	5,76556776557
4,716	6,0927960928	5,77045177045
4,72	6,08791208791	5,77533577534
4,724	6,09768009768	5,7851037851
4,728	6,07814407814	5,78021978022
4,732	6,09768009768	5,80463980464
4,736	6,08791208791	5,79487179487
4,74	6,0927960928	5,81440781441
4,744	6,0927960928	5,81929181929
4,748	6,08791208791	5,81440781441
4,752	6,08302808303	5,82417582418
4,756	6,08302808303	5,82417582418
4,76	6,0927960928	5,83882783883
4,764	-4,63736263736	5,61904761905
4,768	-4,62271062271	5,23321123321
4,772	-4,62759462759	4,85714285714
4,776	-4,63247863248	4,49572649573
4,78	-4,63247863248	4,14407814408
4,784	-4,63736263736	3,80708180708
4,788	-4,63247863248	3,48962148962
4,792	-4,64224664225	3,17216117216
4,796	-4,62759462759	2,884004884
4,8	-4,64224664225	2,5811965812
4,804	-4,63736263736	2,32234432234
4,808	-4,63736263736	2,04884004884
4,812	-4,64224664225	1,79487179487
4,816	-4,64224664225	1,55555555556
4,82	-4,64224664225	1,32112332112
4,824	-4,64224664225	1,09645909646
4,828	-4,64713064713	0,871794871795
4,832	-4,63736263736	0,671550671551
4,836	-4,64224664225	0,461538461538
4,84	-4,64713064713	0,266178266178
4,844	-4,64224664225	0,0805860805861
4,848	-4,65201465201	-0,0952380952381
4,852	-4,64224664225	-0,25641025641
4,856	-4,65201465201	-0,432234432234
4,86	-4,64713064713	-0,583638583639
4,864	-4,66178266178	-0,749694749695
4,868	-4,64713064713	-0,886446886447
4,872	-4,65201465201	-1,0231990232
4,876	-4,66178266178	-1,16483516484
4,88	-4,6568986569	-1,2967032967
4,884	-4,66178266178	-1,42368742369
4,888	-4,6568986569	-1,5409035409
4,892	-4,66666666667	-1,663003663
4,896	-4,6568986569	-1,76556776557
4,9	-4,66666666667	-1,8778998779
4,904	-4,66666666667	-1,97557997558
4,908	-4,66666666667	-2,07326007326
4,912	-4,66666666667	-2,17582417582
4,916	-4,6568986569	-2,26373626374
4,92	-4,67155067155	-2,35653235653
4,924	-4,6568986569	-2,43467643468
4,928	-4,66666666667	-2,52258852259
4,932	-4,66666666667	-2,59584859585
4,936	-4,66666666667	-2,67399267399
4,94	-4,66666666667	-2,74236874237
4,944	-4,66178266178	-2,81562881563
4,948	-4,67155067155	-2,88888888889
4,952	-4,66666666667	-2,9474969475
4,956	-4,67155067155	-3,01098901099
4,96	-4,66178266178	-3,06471306471
4,964	-4,67155067155	-3,13308913309
4,968	-4,67155067155	-3,17216117216
4,972	-4,66666666667	-3,23565323565
4,976	-4,66666666667	-3,28449328449
4,98	-4,67643467643	-3,33333333333
4,984	-4,67643467643	-3,38217338217
4,988	-4,66666666667	-3,42124542125
4,992	-4,67643467643	-3,47985347985
4,996	-4,66666666667	-3,50427350427
5	-4,66666666667	-3,54822954823
