Vernier Format 2
rc_prof rogiers.cmbl 24/02/2025 09:29:06 ,
Latest
Time	Potential 1	Potential 2
t	Pot 1	Pot 2
s	V	V

0	-4,72527472527	-4,33455433455
0,004	-4,72527472527	-4,35409035409
0,008	-4,73015873016	-4,36874236874
0,012	-4,72039072039	-4,37362637363
0,016	-4,71550671551	-4,36385836386
0,02	-4,71062271062	-4,37851037851
0,024	-4,71550671551	-4,38827838828
0,028	-4,72527472527	-4,40781440781
0,032	-4,72527472527	-4,42735042735
0,036	-4,72527472527	-4,42735042735
0,04	-4,71550671551	-4,42735042735
0,044	-4,71062271062	-4,42735042735
0,048	-4,72039072039	-4,442002442
0,052	-4,72527472527	-4,45665445665
0,056	-4,72527472527	-4,46642246642
0,06	-4,72527472527	-4,46642246642
0,064	-4,71550671551	-4,46642246642
0,068	-4,71062271062	-4,46642246642
0,072	-4,72039072039	-4,48107448107
0,076	-4,72039072039	-4,49084249084
0,08	-4,73504273504	-4,50549450549
0,084	-4,72527472527	-4,50061050061
0,088	-4,71550671551	-4,50549450549
0,092	-4,71062271062	-4,49572649573
0,096	-4,72039072039	-4,51037851038
0,1	-4,72527472527	-4,50549450549
0,104	-4,72527472527	-4,52991452991
0,108	-4,72039072039	-4,52014652015
0,112	-4,73015873016	-4,5347985348
0,116	-4,71062271062	-4,52503052503
0,12	-4,71550671551	-4,52503052503
0,124	-4,71550671551	-4,52991452991
0,128	-4,72527472527	-4,54456654457
0,132	-4,73015873016	-4,54945054945
0,136	-4,72527472527	-4,55433455433
0,14	-4,71062271062	-4,53968253968
0,144	-4,71062271062	-4,54456654457
0,148	-4,71550671551	-4,54945054945
0,152	-4,72527472527	-4,56898656899
0,156	-4,73015873016	-4,56898656899
0,16	-4,72039072039	-4,56898656899
0,164	-4,71550671551	-4,55921855922
0,168	-4,71062271062	-4,55921855922
0,172	-4,71550671551	-4,5641025641
0,176	-4,72039072039	-4,57387057387
0,18	-4,73015873016	-4,58363858364
0,184	-4,72039072039	-4,57875457875
0,188	-4,71550671551	-4,58852258852
0,192	-4,71062271062	-4,57387057387
0,196	-4,72039072039	-4,57875457875
0,2	-4,71062271062	-4,57387057387
0,204	-4,73504273504	-4,59829059829
0,208	-4,72527472527	-4,58852258852
0,212	-4,72527472527	-4,58852258852
0,216	-4,71062271062	-4,57387057387
0,22	-4,71550671551	-4,58363858364
0,224	-4,71550671551	-4,58363858364
0,228	-4,73015873016	-4,59340659341
0,232	-4,72039072039	-4,60317460317
0,236	-4,72527472527	-4,60317460317
0,24	-4,71550671551	-4,59340659341
0,244	-4,71550671551	-4,58852258852
0,248	-4,71550671551	-4,58852258852
0,252	-4,72527472527	-4,60805860806
0,256	-4,73504273504	-4,60805860806
0,26	-4,72527472527	-4,60805860806
0,264	-4,72039072039	-4,60317460317
0,268	-4,70573870574	-4,59340659341
0,272	-4,71550671551	-4,59829059829
0,276	-4,72527472527	-4,59829059829
0,28	-4,73504273504	-4,61782661783
0,284	-4,72527472527	-4,61294261294
0,288	-4,73504273504	-4,61782661783
0,292	-4,71062271062	-4,59829059829
0,296	-4,71550671551	-4,60805860806
0,3	-4,71062271062	-4,59829059829
0,304	-4,73504273504	-4,61782661783
0,308	-4,72527472527	-4,61294261294
0,312	-4,73504273504	-4,61782661783
0,316	-4,71062271062	-4,59829059829
0,32	-4,71062271062	-4,60805860806
0,324	-4,70573870574	-4,60317460317
0,328	-4,72527472527	-4,61782661783
0,332	-4,72527472527	-4,61782661783
0,336	-4,72527472527	-4,61782661783
0,34	-4,71062271062	-4,60805860806
0,344	-4,71062271062	-4,60805860806
0,348	-4,71062271062	-4,60805860806
0,352	-4,73015873016	-4,61782661783
0,356	-4,73015873016	-4,62271062271
0,36	-4,72527472527	-4,62271062271
0,364	-4,72039072039	-4,62271062271
0,368	-4,71062271062	-4,60805860806
0,372	-4,71550671551	-4,61294261294
0,376	-4,71062271062	-4,60805860806
0,38	-4,73015873016	-4,62759462759
0,384	-4,73015873016	-4,62271062271
0,388	-4,73015873016	-4,62759462759
0,392	-4,71550671551	-4,61294261294
0,396	-4,72039072039	-4,60805860806
0,4	-4,71550671551	-4,60805860806
0,404	-4,73015873016	-4,62759462759
0,408	-4,72527472527	-4,62271062271
0,412	-4,73504273504	-4,63247863248
0,416	-4,71062271062	-4,60805860806
0,42	-4,71550671551	-4,62271062271
0,424	-4,71062271062	-4,60805860806
0,428	-4,73504273504	-4,61782661783
0,432	-4,72527472527	-4,62759462759
0,436	-4,72527472527	-4,62759462759
0,44	-4,71062271062	-4,60805860806
0,444	-4,72039072039	-4,62271062271
0,448	-4,70573870574	-4,61294261294
0,452	-4,72527472527	-4,60805860806
0,456	-4,72527472527	-4,61782661783
0,46	-4,72527472527	-4,62759462759
0,464	-4,73015873016	-4,62759462759
0,468	-4,71062271062	-4,62759462759
0,472	-4,71550671551	-4,61294261294
0,476	-4,71062271062	-4,61294261294
0,48	-4,73015873016	-4,63247863248
0,484	-4,72527472527	-4,62759462759
0,488	-4,72527472527	-4,62759462759
0,492	-4,71062271062	-4,61294261294
0,496	-4,71550671551	-4,61782661783
0,5	-4,71062271062	-4,61294261294
0,504	-4,73015873016	-4,62759462759
0,508	-4,72527472527	-4,62271062271
0,512	-4,73015873016	-4,63247863248
0,516	-4,71062271062	-4,61294261294
0,52	-4,72039072039	-4,61782661783
0,524	-4,71062271062	-4,61782661783
0,528	-4,73504273504	-4,63247863248
0,532	-4,72527472527	-4,62759462759
0,536	-4,73015873016	-4,63247863248
0,54	-4,71062271062	-4,62759462759
0,544	-4,72527472527	-4,62271062271
0,548	-4,71062271062	-4,60805860806
0,552	-4,72527472527	-4,61782661783
0,556	-4,73015873016	-4,62759462759
0,56	-4,73015873016	-4,62759462759
0,564	-4,73015873016	-4,61782661783
0,568	-4,71550671551	-4,61782661783
0,572	-4,71550671551	-4,61782661783
0,576	-4,71062271062	-4,61782661783
0,58	-4,72527472527	-4,63247863248
0,584	-4,73015873016	-4,62759462759
0,588	-4,73015873016	-4,63247863248
0,592	-4,71550671551	-4,61294261294
0,596	-4,72039072039	-4,61294261294
0,6	-4,71550671551	-4,61782661783
0,604	-4,73504273504	-4,63247863248
0,608	-4,72527472527	-4,62759462759
0,612	-4,73504273504	-4,63247863248
0,616	-4,71550671551	-4,61782661783
0,62	-4,71550671551	-4,62271062271
0,624	-4,71550671551	-4,61294261294
0,628	-4,73504273504	-4,62271062271
0,632	-4,72527472527	-4,62759462759
0,636	-4,73015873016	-4,63247863248
0,64	-4,72527472527	-4,62759462759
0,644	-4,72039072039	-4,62271062271
0,648	-4,71062271062	-4,60805860806
0,652	-4,71550671551	-4,62271062271
0,656	-4,72527472527	-4,62759462759
0,66	-4,73992673993	-4,63247863248
0,664	-4,72527472527	-4,62759462759
0,668	-4,72039072039	-4,61782661783
0,672	-4,71550671551	-4,61294261294
0,676	-4,71062271062	-4,61782661783
0,68	-4,72039072039	-4,62271062271
0,684	-4,73504273504	-4,64224664225
0,688	-4,73015873016	-4,62759462759
0,692	-4,71550671551	-4,61294261294
0,696	-4,71550671551	-4,61294261294
0,7	-4,71062271062	-4,62271062271
0,704	-4,72039072039	-4,62759462759
0,708	-4,73015873016	-4,62759462759
0,712	-4,73015873016	-4,63247863248
0,716	-4,71062271062	-4,62759462759
0,72	-4,71550671551	-4,62271062271
0,724	-4,72039072039	-4,61782661783
0,728	-4,71550671551	-4,61782661783
0,732	-4,72527472527	-4,62759462759
0,736	-4,73015873016	-4,63247863248
0,74	-4,72527472527	-4,63247863248
0,744	-4,71550671551	-4,62271062271
0,748	-4,71550671551	-4,61782661783
0,752	-4,72039072039	-4,61294261294
0,756	-4,72527472527	-4,62759462759
0,76	-4,73015873016	-4,63736263736
0,764	-4,72527472527	-4,62759462759
0,768	-4,72039072039	-4,61782661783
0,772	-4,71062271062	-4,61782661783
0,776	-4,72039072039	-4,62271062271
0,78	-4,73015873016	-4,62759462759
0,784	-4,73015873016	-4,63736263736
0,788	-4,72527472527	-4,63247863248
0,792	6,11233211233	-4,34432234432
0,796	6,12698412698	-3,93894993895
0,8	6,11721611722	-3,557997558
0,804	6,11233211233	-3,17704517705
0,808	6,10256410256	-2,84981684982
0,812	6,11721611722	-2,49328449328
0,816	6,1221001221	-2,18070818071
0,82	6,13675213675	-1,83394383394
0,824	6,12698412698	-1,53113553114
0,828	6,13186813187	-1,2380952381
0,832	6,1221001221	-0,979242979243
0,836	6,11721611722	-0,705738705739
0,84	6,1221001221	-0,446886446886
0,844	6,13186813187	-0,18315018315
0,848	6,13675213675	0,0512820512821
0,852	6,12698412698	0,28083028083
0,856	6,12698412698	0,490842490842
0,86	6,12698412698	0,705738705739
0,864	6,12698412698	0,910866910867
0,868	6,13675213675	1,12087912088
0,872	6,14163614164	1,30647130647
0,876	6,14163614164	1,48717948718
0,88	6,12698412698	1,65323565324
0,884	6,12698412698	1,81440781441
0,888	6,13186813187	1,98534798535
0,892	6,13675213675	2,13675213675
0,896	6,14652014652	2,30280830281
0,9	6,14652014652	2,43956043956
0,904	6,15628815629	2,58608058608
0,908	6,13186813187	2,7032967033
0,912	6,13675213675	2,83516483516
0,916	6,13186813187	2,95238095238
0,92	6,15628815629	3,09401709402
0,924	6,15628815629	3,19658119658
0,928	6,16117216117	3,3137973138
0,932	6,14163614164	3,39682539683
0,936	6,14652014652	3,50427350427
0,94	6,13186813187	3,59706959707
0,944	6,16117216117	3,7094017094
0,948	6,16117216117	3,79731379731
0,952	6,16605616606	3,89010989011
0,956	6,14652014652	3,9536019536
0,96	6,14652014652	4,03663003663
0,964	6,1514041514	4,10989010989
0,968	6,15628815629	4,1978021978
0,972	6,15628815629	4,27106227106
0,976	6,15628815629	4,32967032967
0,98	6,14652014652	4,40293040293
0,984	6,1514041514	4,45177045177
0,988	6,14652014652	4,51037851038
0,992	6,14652014652	4,56898656899
0,996	6,16605616606	4,64713064713
1	6,16117216117	4,69108669109
1,004	6,16605616606	4,74969474969
1,008	6,14652014652	4,78388278388
1,012	6,14652014652	4,83272283272
1,016	6,14652014652	4,87179487179
1,02	6,17094017094	4,93528693529
1,024	6,16605616606	4,96947496947
1,028	6,16605616606	5,0231990232
1,032	6,14163614164	5,03296703297
1,036	6,1514041514	5,08180708181
1,04	6,14163614164	5,11111111111
1,044	6,16605616606	5,16971916972
1,048	6,15628815629	5,19902319902
1,052	6,16605616606	5,23321123321
1,056	6,1514041514	5,24786324786
1,06	6,1514041514	5,28693528694
1,064	6,15628815629	5,30158730159
1,068	6,17094017094	5,34065934066
1,072	6,17094017094	5,37484737485
1,076	6,16605616606	5,40415140415
1,08	6,17094017094	5,43345543346
1,084	6,14652014652	5,43345543346
1,088	6,1514041514	5,45787545788
1,092	6,14652014652	5,47741147741
1,096	6,16605616606	5,51648351648
1,1	6,16117216117	5,53601953602
1,104	6,17094017094	5,55555555556
1,108	6,1514041514	5,56043956044
1,112	6,15628815629	5,57997557998
1,116	6,1514041514	5,59951159951
1,12	6,17094017094	5,62881562882
1,124	6,15628815629	5,63858363858
1,128	6,16605616606	5,65811965812
1,132	6,15628815629	5,64835164835
1,136	6,16117216117	5,67277167277
1,14	6,1514041514	5,69719169719
1,144	6,16605616606	5,71672771673
1,148	6,16117216117	5,72161172161
1,152	6,17094017094	5,74603174603
1,156	6,15628815629	5,75091575092
1,16	6,15628815629	5,7557997558
1,164	6,16117216117	5,75091575092
1,168	6,16117216117	5,77533577534
1,172	6,16605616606	5,79975579976
1,176	6,17094017094	5,81440781441
1,18	6,17582417582	5,81440781441
1,184	6,15628815629	5,81929181929
1,188	6,15628815629	5,81440781441
1,192	6,15628815629	5,82905982906
1,196	6,17094017094	5,8485958486
1,2	6,17094017094	5,85836385836
1,204	6,17094017094	5,86324786325
1,208	6,15628815629	5,85836385836
1,212	6,16605616606	5,86324786325
1,216	6,16605616606	5,86813186813
1,22	6,17582417582	5,88766788767
1,224	6,17094017094	5,89255189255
1,228	6,17582417582	5,90231990232
1,232	6,15628815629	5,88766788767
1,236	6,15628815629	5,90231990232
1,24	6,16117216117	5,90231990232
1,244	6,17094017094	5,9072039072
1,248	6,17582417582	5,92673992674
1,252	6,17582417582	5,93162393162
1,256	6,16605616606	5,93162393162
1,26	6,16605616606	5,93650793651
1,264	6,16117216117	5,92673992674
1,268	6,16117216117	5,93650793651
1,272	6,16605616606	5,95115995116
1,276	6,18070818071	5,96092796093
1,28	6,16605616606	5,96092796093
1,284	6,16605616606	5,95115995116
1,288	6,1514041514	5,94627594628
1,292	6,16605616606	5,95604395604
1,296	6,16605616606	5,96581196581
1,3	6,17582417582	5,97557997558
1,304	6,16117216117	5,96581196581
1,308	6,15628815629	5,96581196581
1,312	6,15628815629	5,96092796093
1,316	6,16117216117	5,9706959707
1,32	6,16117216117	5,98046398046
1,324	6,17582417582	5,99023199023
1,328	6,17582417582	5,99023199023
1,332	6,16117216117	6
1,336	6,16117216117	5,98046398046
1,34	6,15628815629	5,98046398046
1,344	6,16117216117	5,98534798535
1,348	6,17582417582	6
1,352	6,17582417582	6
1,356	6,17094017094	6,00976800977
1,36	6,16605616606	5,99023199023
1,364	6,1514041514	5,99023199023
1,368	6,15628815629	5,99023199023
1,372	6,17094017094	6,00976800977
1,376	6,17094017094	6,00976800977
1,38	6,17094017094	6,00488400488
1,384	6,15628815629	6
1,388	6,15628815629	6
1,392	6,16117216117	6
1,396	6,16605616606	6,01465201465
1,4	6,16605616606	6,01953601954
1,404	6,16605616606	6,00976800977
1,408	6,15628815629	6,00488400488
1,412	6,16117216117	6,00976800977
1,416	6,16117216117	6,01465201465
1,42	6,16605616606	6,00976800977
1,424	6,17582417582	6,0293040293
1,428	6,16605616606	6,0293040293
1,432	6,18070818071	6,03418803419
1,436	6,15628815629	6,00976800977
1,44	6,16605616606	6,01953601954
1,444	6,15628815629	6,00976800977
1,448	6,17582417582	6,03418803419
1,452	6,17094017094	6,0293040293
1,456	6,18070818071	6,03907203907
1,46	6,16117216117	6,00976800977
1,464	6,17094017094	6,01953601954
1,468	6,15628815629	6,01953601954
1,472	6,17582417582	6,03907203907
1,476	6,17582417582	6,03418803419
1,48	6,17582417582	6,03907203907
1,484	6,16117216117	6,02442002442
1,488	6,16117216117	6,02442002442
1,492	6,16117216117	6,0293040293
1,496	6,17094017094	6,03418803419
1,5	6,17094017094	6,03907203907
1,504	6,17582417582	6,03907203907
1,508	6,16117216117	6,03418803419
1,512	6,16117216117	6,02442002442
1,516	6,16605616606	6,0293040293
1,52	6,16605616606	6,02442002442
1,524	6,17582417582	6,04395604396
1,528	6,17582417582	6,03907203907
1,532	6,18070818071	6,04395604396
1,536	6,15628815629	6,02442002442
1,54	6,16605616606	6,02442002442
1,544	6,15628815629	6,02442002442
1,548	6,17094017094	6,04884004884
1,552	6,16605616606	6,03418803419
1,556	6,17094017094	6,03418803419
1,56	6,16117216117	6,01953601954
1,564	6,16117216117	6,0293040293
1,568	6,14652014652	6,01953601954
1,572	6,17582417582	6,04884004884
1,576	6,16605616606	6,0293040293
1,58	6,17582417582	6,03907203907
1,584	6,1514041514	6,0293040293
1,588	6,15628815629	6,0293040293
1,592	6,15628815629	6,02442002442
1,596	6,17582417582	6,03907203907
1,6	6,16605616606	6,03907203907
1,604	6,17582417582	6,04395604396
1,608	6,17094017094	6,03907203907
1,612	6,16605616606	6,0293040293
1,616	6,15628815629	6,02442002442
1,62	6,15628815629	6,03907203907
1,624	6,17582417582	6,04395604396
1,628	6,17582417582	6,04884004884
1,632	6,17094017094	6,04395604396
1,636	6,15628815629	6,0293040293
1,64	6,15628815629	6,0293040293
1,644	6,16117216117	6,0293040293
1,648	6,17582417582	6,04884004884
1,652	6,17094017094	6,04395604396
1,656	6,17582417582	6,04395604396
1,66	6,15628815629	6,0293040293
1,664	6,15628815629	6,02442002442
1,668	6,16117216117	6,03418803419
1,672	6,18559218559	6,04395604396
1,676	6,17094017094	6,04395604396
1,68	6,17582417582	6,04395604396
1,684	6,16117216117	6,04395604396
1,688	6,16605616606	6,03907203907
1,692	6,16117216117	6,03418803419
1,696	6,16605616606	6,03418803419
1,7	6,17094017094	6,04395604396
1,704	6,17582417582	6,04395604396
1,708	6,17582417582	6,04884004884
1,712	6,16117216117	6,04395604396
1,716	6,16117216117	6,02442002442
1,72	6,16117216117	6,03418803419
1,724	6,17094017094	6,04884004884
1,728	6,18070818071	6,04884004884
1,732	6,17582417582	6,04884004884
1,736	6,16605616606	6,04395604396
1,74	6,16117216117	6,03418803419
1,744	6,16605616606	6,03907203907
1,748	6,17094017094	6,04395604396
1,752	6,18070818071	6,05860805861
1,756	6,17094017094	6,04884004884
1,76	6,16605616606	6,03907203907
1,764	6,16605616606	6,02442002442
1,768	6,16605616606	6,03418803419
1,772	6,17582417582	6,03907203907
1,776	6,18559218559	6,05372405372
1,78	6,18070818071	6,04884004884
1,784	6,16605616606	6,05372405372
1,788	6,16605616606	6,03907203907
1,792	6,16117216117	6,04395604396
1,796	6,16117216117	6,03418803419
1,8	6,17582417582	6,04884004884
1,804	6,17582417582	6,04884004884
1,808	6,17582417582	6,04884004884
1,812	6,16117216117	6,03907203907
1,816	6,16117216117	6,03907203907
1,82	6,16117216117	6,0293040293
1,824	6,16605616606	6,03907203907
1,828	6,17582417582	6,04884004884
1,832	6,16605616606	6,04395604396
1,836	6,16605616606	6,03907203907
1,84	6,15628815629	6,0293040293
1,844	6,16117216117	6,0293040293
1,848	6,16605616606	6,04395604396
1,852	6,17582417582	6,04884004884
1,856	6,16605616606	6,04395604396
1,86	6,16605616606	6,03418803419
1,864	6,1514041514	6,0293040293
1,868	6,16117216117	6,0293040293
1,872	6,16605616606	6,0293040293
1,876	6,17094017094	6,04395604396
1,88	6,16117216117	6,03907203907
1,884	6,17094017094	6,04395604396
1,888	6,13675213675	6,02442002442
1,892	-4,67155067155	5,70695970696
1,896	-4,68131868132	5,2967032967
1,9	-4,6568986569	4,94017094017
1,904	-4,66666666667	4,55921855922
1,908	-4,6568986569	4,21733821734
1,912	-4,6862026862	3,86568986569
1,916	-4,68131868132	3,53846153846
1,92	-4,6862026862	3,21123321123
1,924	-4,66666666667	2,93284493284
1,928	-4,67643467643	2,6398046398
1,932	-4,67155067155	2,3663003663
1,936	-4,6862026862	2,07814407814
1,94	-4,6862026862	1,82417582418
1,944	-4,6862026862	1,57997557998
1,948	-4,67643467643	1,35042735043
1,952	-4,67643467643	1,115995116
1,956	-4,67643467643	0,901098901099
1,96	-4,69108669109	0,686202686203
1,964	-4,69108669109	0,471306471306
1,968	-4,69108669109	0,275946275946
1,972	-4,69597069597	0,0854700854701
1,976	-4,68131868132	-0,0854700854701
1,98	-4,6862026862	-0,251526251526
1,984	-4,6862026862	-0,422466422466
1,988	-4,70085470085	-0,598290598291
1,992	-4,70085470085	-0,754578754579
1,996	-4,70085470085	-0,905982905983
2	-4,6862026862	-1,02808302808
2,004	-4,6862026862	-1,16971916972
2,008	-4,6862026862	-1,30647130647
2,012	-4,70573870574	-1,44322344322
2,016	-4,70573870574	-1,56532356532
2,02	-4,70573870574	-1,68253968254
2,024	-4,6862026862	-1,78021978022
2,028	-4,69597069597	-1,88766788767
2,032	-4,69108669109	-1,99511599512
2,036	-4,71062271062	-2,10744810745
2,04	-4,70573870574	-2,20512820513
2,044	-4,71550671551	-2,30280830281
2,048	-4,69108669109	-2,38583638584
2,052	-4,70085470085	-2,46398046398
2,056	-4,69597069597	-2,54212454212
2,06	-4,69597069597	-2,63003663004
2,064	-4,71062271062	-2,71306471306
2,068	-4,72039072039	-2,79120879121
2,072	-4,71062271062	-2,8547008547
2,076	-4,71062271062	-2,91819291819
2,08	-4,70085470085	-2,9768009768
2,084	-4,70573870574	-3,04517704518
2,088	-4,70573870574	-3,11355311355
2,092	-4,72039072039	-3,17704517705
2,096	-4,71062271062	-3,22588522589
2,1	-4,70085470085	-3,26495726496
2,104	-4,69108669109	-3,31868131868
2,108	-4,70085470085	-3,37728937729
2,112	-4,71550671551	-3,42612942613
2,116	-4,71550671551	-3,47496947497
2,12	-4,71550671551	-3,51404151404
2,124	-4,70573870574	-3,557997558
2,128	-4,70085470085	-3,59218559219
2,132	-4,70085470085	-3,62637362637
2,136	-4,71550671551	-3,66056166056
2,14	-4,71550671551	-3,72405372405
2,144	-4,72039072039	-3,75824175824
2,148	-4,71550671551	-3,78266178266
2,152	-4,70573870574	-3,8021978022
2,156	-4,70573870574	-3,83638583639
2,16	-4,70573870574	-3,87057387057
2,164	-4,72039072039	-3,90964590965
2,168	-4,72039072039	-3,93406593407
2,172	-4,72527472527	-3,95848595849
2,176	-4,70573870574	-3,97313797314
2,18	-4,70085470085	-3,99755799756
2,184	-4,71062271062	-4,02197802198
2,188	-4,72039072039	-4,05616605617
2,192	-4,71550671551	-4,08058608059
2,196	-4,72039072039	-4,10012210012
2,2	-4,70573870574	-4,10500610501
2,204	-4,70573870574	-4,12942612943
2,208	-4,70573870574	-4,14407814408
2,212	-4,72039072039	-4,17826617827
2,216	-4,72527472527	-4,1978021978
2,22	-4,72039072039	-4,20757020757
2,224	-4,70573870574	-4,22710622711
2,228	-4,70085470085	-4,22710622711
2,232	-4,70573870574	-4,24175824176
2,236	-4,70085470085	-4,25152625153
2,24	-4,72527472527	-4,28571428571
2,244	-4,72039072039	-4,29548229548
2,248	-4,72527472527	-4,31501831502
2,252	-4,70573870574	-4,30525030525
2,256	-4,71062271062	-4,3199023199
2,26	-4,70573870574	-4,32967032967
2,264	-4,72527472527	-4,35897435897
2,268	-4,72039072039	-4,36385836386
2,272	-4,72527472527	-4,37362637363
2,276	-4,70085470085	-4,36874236874
2,28	-4,71550671551	-4,38827838828
2,284	-4,70573870574	-4,38339438339
2,288	-4,72527472527	-4,41758241758
2,292	-4,72039072039	-4,4126984127
2,296	-4,73015873016	-4,42246642247
2,3	-4,70573870574	-4,42246642247
2,304	-4,71062271062	-4,43223443223
2,308	-4,70573870574	-4,43223443223
2,312	-4,72527472527	-4,45177045177
2,316	-4,72527472527	-4,46642246642
2,32	-4,73504273504	-4,47130647131
2,324	-4,72527472527	-4,47619047619
2,328	-4,71550671551	-4,48107448107
2,332	-4,70573870574	-4,47130647131
2,336	-4,72039072039	-4,49084249084
2,34	-4,72527472527	-4,49084249084
2,344	-4,73015873016	-4,50549450549
2,348	-4,72039072039	-4,50549450549
2,352	-4,71062271062	-4,51037851038
2,356	-4,71062271062	-4,50549450549
2,36	-4,71062271062	-4,51037851038
2,364	-4,72039072039	-4,52503052503
2,368	-4,73015873016	-4,52991452991
2,372	-4,72527472527	-4,5347985348
2,376	-4,71062271062	-4,52014652015
2,38	-4,71550671551	-4,52503052503
2,384	-4,71062271062	-4,52991452991
2,388	-4,72527472527	-4,54945054945
2,392	-4,72039072039	-4,54945054945
2,396	-4,72527472527	-4,55921855922
2,4	-4,71062271062	-4,55433455433
2,404	-4,71550671551	-4,54456654457
2,408	-4,71062271062	-4,54456654457
2,412	-4,71550671551	-4,55433455433
2,416	-4,72527472527	-4,5641025641
2,42	-4,72527472527	-4,57387057387
2,424	-4,72527472527	-4,56898656899
2,428	-4,71550671551	-4,5641025641
2,432	-4,71062271062	-4,5641025641
2,436	-4,71550671551	-4,56898656899
2,44	-4,72039072039	-4,58363858364
2,444	-4,73015873016	-4,58363858364
2,448	-4,72039072039	-4,58363858364
2,452	-4,71550671551	-4,57387057387
2,456	-4,71062271062	-4,56898656899
2,46	-4,71550671551	-4,57875457875
2,464	-4,72039072039	-4,58852258852
2,468	-4,73015873016	-4,59829059829
2,472	-4,72039072039	-4,58852258852
2,476	-4,71550671551	-4,58363858364
2,48	-4,70085470085	-4,57875457875
2,484	-4,71550671551	-4,59340659341
2,488	-4,72039072039	-4,57387057387
2,492	-4,73015873016	-4,59829059829
2,496	-4,72527472527	-4,59340659341
2,5	-4,72527472527	-4,60805860806
2,504	-4,71550671551	-4,58363858364
2,508	-4,71062271062	-4,58852258852
2,512	-4,71550671551	-4,59340659341
2,516	-4,72527472527	-4,60317460317
2,52	-4,73015873016	-4,60317460317
2,524	-4,72527472527	-4,60805860806
2,528	-4,71062271062	-4,59829059829
2,532	-4,71062271062	-4,59340659341
2,536	-4,71550671551	-4,59829059829
2,54	-4,72527472527	-4,60805860806
2,544	-4,73015873016	-4,61294261294
2,548	-4,72039072039	-4,61294261294
2,552	-4,71550671551	-4,60317460317
2,556	-4,71062271062	-4,59340659341
2,56	-4,72039072039	-4,60317460317
2,564	-4,72527472527	-4,61294261294
2,568	-4,73504273504	-4,62271062271
2,572	-4,72527472527	-4,60805860806
2,576	-4,71550671551	-4,61782661783
2,58	-4,71550671551	-4,59829059829
2,584	-4,72039072039	-4,60805860806
2,588	-4,71062271062	-4,59829059829
2,592	-4,73504273504	-4,62271062271
2,596	-4,73015873016	-4,61782661783
2,6	-4,72527472527	-4,62759462759
2,604	-4,70573870574	-4,60317460317
2,608	-4,71550671551	-4,60805860806
2,612	-4,70573870574	-4,60805860806
2,616	-4,72527472527	-4,62271062271
2,62	-4,72527472527	-4,62271062271
2,624	-4,72527472527	-4,62271062271
2,628	-4,72039072039	-4,61294261294
2,632	-4,71550671551	-4,60805860806
2,636	-4,71550671551	-4,60805860806
2,64	-4,73015873016	-4,61782661783
2,644	-4,73015873016	-4,62759462759
2,648	-4,72527472527	-4,62759462759
2,652	-4,72039072039	-4,60805860806
2,656	-4,71062271062	-4,60317460317
2,66	-4,72039072039	-4,61294261294
2,664	-4,72527472527	-4,60805860806
2,668	-4,73504273504	-4,62759462759
2,672	-4,72039072039	-4,62271062271
2,676	-4,73015873016	-4,63247863248
2,68	-4,70573870574	-4,60805860806
2,684	-4,71550671551	-4,62271062271
2,688	-4,71062271062	-4,60805860806
2,692	-4,72039072039	-4,62271062271
2,696	-4,73015873016	-4,62759462759
2,7	-4,72527472527	-4,62271062271
2,704	-4,71550671551	-4,60805860806
2,708	-4,71550671551	-4,60805860806
2,712	-4,71062271062	-4,61294261294
2,716	-4,72527472527	-4,62759462759
2,72	-4,72527472527	-4,62759462759
2,724	-4,72527472527	-4,62271062271
2,728	-4,71062271062	-4,61294261294
2,732	-4,71062271062	-4,61294261294
2,736	-4,71550671551	-4,61782661783
2,74	-4,72527472527	-4,62271062271
2,744	-4,73015873016	-4,63247863248
2,748	-4,72527472527	-4,62759462759
2,752	-4,72039072039	-4,63247863248
2,756	-4,71062271062	-4,61294261294
2,76	-4,72039072039	-4,61782661783
2,764	-4,71062271062	-4,61294261294
2,768	-4,73504273504	-4,63247863248
2,772	-4,72039072039	-4,62271062271
2,776	-4,72527472527	-4,63247863248
2,78	-4,70573870574	-4,60805860806
2,784	-4,71062271062	-4,61782661783
2,788	-4,71062271062	-4,61294261294
2,792	-4,72527472527	-4,62759462759
2,796	-4,73015873016	-4,62759462759
2,8	-4,72527472527	-4,62759462759
2,804	-4,72039072039	-4,61782661783
2,808	-4,71062271062	-4,61782661783
2,812	-4,71550671551	-4,61294261294
2,816	-4,72527472527	-4,62759462759
2,82	-4,73015873016	-4,63247863248
2,824	-4,72527472527	-4,63247863248
2,828	-4,71550671551	-4,61782661783
2,832	-4,71550671551	-4,61294261294
2,836	-4,71550671551	-4,61782661783
2,84	-4,72527472527	-4,61294261294
2,844	-4,73015873016	-4,63736263736
2,848	-4,72527472527	-4,62759462759
2,852	-4,73504273504	-4,63736263736
2,856	-4,71062271062	-4,61782661783
2,86	-4,72039072039	-4,62271062271
2,864	-4,71062271062	-4,61294261294
2,868	-4,73504273504	-4,63247863248
2,872	-4,72527472527	-4,62759462759
2,876	-4,73015873016	-4,63247863248
2,88	-4,71550671551	-4,60805860806
2,884	-4,71550671551	-4,61782661783
2,888	-4,71550671551	-4,61782661783
2,892	-4,72527472527	-4,62759462759
2,896	-4,73015873016	-4,63247863248
2,9	-4,72527472527	-4,63247863248
2,904	-4,72039072039	-4,61782661783
2,908	-4,71062271062	-4,61782661783
2,912	-4,70573870574	-4,62271062271
2,916	-4,73015873016	-4,62759462759
2,92	-4,73504273504	-4,63736263736
2,924	-4,72527472527	-4,63247863248
2,928	-4,71550671551	-4,63736263736
2,932	-4,71550671551	-4,60805860806
2,936	-4,72039072039	-4,61782661783
2,94	-4,70573870574	-4,61294261294
2,944	-4,73504273504	-4,63736263736
2,948	-4,72527472527	-4,62759462759
2,952	-4,73015873016	-4,63736263736
2,956	-4,70573870574	-4,60805860806
2,96	-4,71062271062	-4,62759462759
2,964	-4,70573870574	-4,61782661783
2,968	-4,72527472527	-4,62759462759
2,972	-4,73015873016	-4,63247863248
2,976	-4,72527472527	-4,62759462759
2,98	-4,72039072039	-4,61782661783
2,984	-4,71062271062	-4,61294261294
2,988	-4,71062271062	-4,61782661783
2,992	-4,72527472527	-4,62759462759
2,996	-4,73015873016	-4,63247863248
3	-4,72527472527	-4,63736263736
3,004	-4,72039072039	-4,61782661783
3,008	-4,71062271062	-4,61782661783
3,012	-4,71550671551	-4,62271062271
3,016	-4,72527472527	-4,61294261294
3,02	-4,73504273504	-4,63736263736
3,024	-4,72039072039	-4,63247863248
3,028	-4,73504273504	-4,63736263736
3,032	-4,71062271062	-4,61782661783
3,036	-4,72039072039	-4,61782661783
3,04	-4,70573870574	-4,61294261294
3,044	-4,73015873016	-4,63736263736
3,048	6,11233211233	-4,59340659341
3,052	6,11233211233	-4,18803418803
3,056	6,11721611722	-3,78266178266
3,06	6,12698412698	-3,40659340659
3,064	6,1221001221	-3,04029304029
3,068	6,10744810745	-2,7032967033
3,072	6,11721611722	-2,3663003663
3,076	6,10744810745	-2,03907203907
3,08	6,12698412698	-1,7264957265
3,084	6,13675213675	-1,4188034188
3,088	6,12698412698	-1,14041514042
3,092	6,11721611722	-0,871794871795
3,096	6,11233211233	-0,608058608059
3,1	6,12698412698	-0,349206349206
3,104	6,12698412698	-0,10989010989
3,108	6,13675213675	0,148962148962
3,112	6,13186813187	0,363858363858
3,116	6,13675213675	0,583638583639
3,12	6,11721611722	0,778998778999
3,124	6,12698412698	0,989010989011
3,128	6,1221001221	1,1746031746
3,132	6,14652014652	1,3894993895
3,136	6,13675213675	1,56532356532
3,14	6,14652014652	1,74114774115
3,144	6,12698412698	1,8778998779
3,148	6,13675213675	2,04395604396
3,152	6,13675213675	2,20024420024
3,156	6,14652014652	2,36141636142
3,16	6,14652014652	2,49816849817
3,164	6,14652014652	2,63492063492
3,168	6,13675213675	2,75702075702
3,172	6,13675213675	2,87423687424
3,176	6,14163614164	3,00610500611
3,18	6,14652014652	3,12820512821
3,184	6,16117216117	3,24542124542
3,188	6,14652014652	3,34798534799
3,192	6,14163614164	3,45054945055
3,196	6,13675213675	3,53846153846
3,2	6,14163614164	3,63614163614
3,204	6,13675213675	3,72405372405
3,208	6,16605616606	3,83638583639
3,212	6,15628815629	3,90964590965
3,216	6,16605616606	3,99755799756
3,22	6,14652014652	4,05616605617
3,224	6,15628815629	4,14407814408
3,228	6,14163614164	4,20757020757
3,232	6,16117216117	4,29548229548
3,236	6,16605616606	4,36385836386
3,24	6,16605616606	4,43223443223
3,244	6,1514041514	4,48107448107
3,248	6,1514041514	4,5347985348
3,252	6,1514041514	4,59340659341
3,256	6,16117216117	4,66178266178
3,26	6,17094017094	4,72039072039
3,264	6,16605616606	4,76434676435
3,268	6,15628815629	4,80341880342
3,272	6,14163614164	4,84737484737
3,276	6,1514041514	4,89621489621
3,28	6,16605616606	4,93528693529
3,284	6,16605616606	4,99877899878
3,288	6,16117216117	5,03785103785
3,292	6,16117216117	5,07203907204
3,296	6,14652014652	5,09157509158
3,3	6,16117216117	5,13064713065
3,304	6,1514041514	5,16483516484
3,308	6,16605616606	5,22344322344
3,312	6,16605616606	5,2380952381
3,316	6,17094017094	5,27716727717
3,32	6,15628815629	5,28693528694
3,324	6,15628815629	5,32600732601
3,328	6,15628815629	5,34554334554
3,332	6,16605616606	5,38461538462
3,336	6,16605616606	5,40903540904
3,34	6,16117216117	5,43345543346
3,344	6,1514041514	5,44810744811
3,348	6,1514041514	5,46275946276
3,352	6,1514041514	5,49206349206
3,356	6,16117216117	5,52136752137
3,36	6,16117216117	5,54578754579
3,364	6,16117216117	5,56043956044
3,368	6,1514041514	5,57509157509
3,372	6,1514041514	5,58974358974
3,376	6,1514041514	5,6043956044
3,38	6,14652014652	5,61416361416
3,384	6,16605616606	5,64835164835
3,388	6,17094017094	5,65811965812
3,392	6,17094017094	5,68253968254
3,396	6,1514041514	5,67765567766
3,4	6,15628815629	5,69719169719
3,404	6,14652014652	5,70695970696
3,408	6,16605616606	5,73626373626
3,412	6,16605616606	5,74114774115
3,416	6,17094017094	5,76068376068
3,42	6,15628815629	5,74603174603
3,424	6,1514041514	5,77045177045
3,428	6,15628815629	5,77533577534
3,432	6,16605616606	5,79487179487
3,436	6,16605616606	5,80463980464
3,44	6,17094017094	5,81440781441
3,444	6,15628815629	5,80463980464
3,448	6,15628815629	5,81440781441
3,452	6,15628815629	5,82417582418
3,456	6,16605616606	5,83394383394
3,46	6,17094017094	5,86324786325
3,464	6,17094017094	5,86813186813
3,468	6,17094017094	5,87301587302
3,472	6,16117216117	5,85836385836
3,476	6,16117216117	5,8778998779
3,48	6,15628815629	5,8778998779
3,484	6,18070818071	5,90231990232
3,488	6,17094017094	5,89743589744
3,492	6,17582417582	5,91208791209
3,496	6,15628815629	5,89743589744
3,5	6,16605616606	5,91208791209
3,504	6,15628815629	5,91697191697
3,508	6,17582417582	5,93162393162
3,512	6,17582417582	5,94139194139
3,516	6,17094017094	5,93650793651
3,52	6,16117216117	5,93162393162
3,524	6,16117216117	5,93650793651
3,528	6,16117216117	5,94139194139
3,532	6,16605616606	5,95115995116
3,536	6,18070818071	5,95115995116
3,54	6,17582417582	5,95604395604
3,544	6,16117216117	5,96092796093
3,548	6,15628815629	5,95115995116
3,552	6,16605616606	5,95604395604
3,556	6,16117216117	5,95115995116
3,56	6,17582417582	5,98046398046
3,564	6,17094017094	5,97557997558
3,568	6,17582417582	5,99023199023
3,572	6,15628815629	5,96581196581
3,576	6,16117216117	5,97557997558
3,58	6,15628815629	5,96092796093
3,584	6,18070818071	5,99511599512
3,588	6,16605616606	5,98534798535
3,592	6,17582417582	6
3,596	6,16117216117	5,9706959707
3,6	6,15628815629	5,99511599512
3,604	6,16117216117	5,98534798535
3,608	6,16605616606	5,99511599512
3,612	6,17582417582	6
3,616	6,17094017094	6,00488400488
3,62	6,15628815629	5,99023199023
3,624	6,16117216117	5,99511599512
3,628	6,16117216117	5,99511599512
3,632	6,18070818071	6
3,636	6,17582417582	6,01465201465
3,64	6,17094017094	6,01465201465
3,644	6,17094017094	6,01465201465
3,648	6,1514041514	6
3,652	6,16117216117	6,00976800977
3,656	6,15628815629	6,00488400488
3,66	6,18070818071	6,01953601954
3,664	6,17582417582	6,01465201465
3,668	6,17582417582	6,0293040293
3,672	6,15628815629	6,00488400488
3,676	6,16117216117	6,01465201465
3,68	6,15628815629	6,00488400488
3,684	6,17582417582	6,02442002442
3,688	6,16117216117	6,01953601954
3,692	6,17582417582	6,02442002442
3,696	6,1514041514	6,00976800977
3,7	6,16605616606	6,01953601954
3,704	6,1514041514	6,00976800977
3,708	6,17094017094	6,03418803419
3,712	6,16605616606	6,01953601954
3,716	6,18070818071	6,03907203907
3,72	6,16117216117	6,01465201465
3,724	6,15628815629	6,02442002442
3,728	6,15628815629	6,01953601954
3,732	6,17094017094	6,0293040293
3,736	6,18070818071	6,0293040293
3,74	6,17582417582	6,03907203907
3,744	6,17094017094	6,03907203907
3,748	6,15628815629	6,01953601954
3,752	6,16117216117	6,0293040293
3,756	6,16605616606	6,02442002442
3,76	6,18070818071	6,03907203907
3,764	6,16605616606	6,03907203907
3,768	6,17582417582	6,03418803419
3,772	6,16117216117	6,01953601954
3,776	6,16605616606	6,02442002442
3,78	6,16117216117	6,02442002442
3,784	6,18070818071	6,03907203907
3,788	6,17582417582	6,03907203907
3,792	6,17582417582	6,04395604396
3,796	6,16117216117	6,01953601954
3,8	6,16605616606	6,0293040293
3,804	6,15628815629	6,0293040293
3,808	6,17582417582	6,04395604396
3,812	6,16605616606	6,03907203907
3,816	6,17582417582	6,04884004884
3,82	6,15628815629	6,03907203907
3,824	6,16117216117	6,03418803419
3,828	6,16117216117	6,02442002442
3,832	6,16605616606	6,03418803419
3,836	6,17582417582	6,03907203907
3,84	6,17582417582	6,04395604396
3,844	6,17094017094	6,04395604396
3,848	6,16117216117	6,0293040293
3,852	6,15628815629	6,02442002442
3,856	6,15628815629	6,02442002442
3,86	6,17094017094	6,04395604396
3,864	6,17094017094	6,03907203907
3,868	6,17582417582	6,03907203907
3,872	6,1514041514	6,0293040293
3,876	6,16117216117	6,0293040293
3,88	6,1514041514	6,02442002442
3,884	6,17582417582	6,04395604396
3,888	6,17582417582	6,03418803419
3,892	6,17094017094	6,04884004884
3,896	6,16117216117	6,0293040293
3,9	6,16117216117	6,03418803419
3,904	6,15628815629	6,01953601954
3,908	6,17582417582	6,03907203907
3,912	6,17094017094	6,03418803419
3,916	6,17582417582	6,04884004884
3,92	6,16605616606	6,03418803419
3,924	6,16117216117	6,0293040293
3,928	6,1514041514	6,0293040293
3,932	6,15628815629	6,0293040293
3,936	6,16605616606	6,03907203907
3,94	6,17582417582	6,04884004884
3,944	6,17094017094	6,04884004884
3,948	6,16117216117	6,03418803419
3,952	6,15628815629	6,03418803419
3,956	6,15628815629	6,0293040293
3,96	6,17582417582	6,04884004884
3,964	6,17094017094	6,03907203907
3,968	6,18070818071	6,04884004884
3,972	6,15628815629	6,0293040293
3,976	6,16117216117	6,03418803419
3,98	6,15628815629	6,0293040293
3,984	6,17582417582	6,05372405372
3,988	6,17094017094	6,03907203907
3,992	6,18070818071	6,05372405372
3,996	6,1514041514	6,03907203907
4	6,16605616606	6,03418803419
4,004	6,1514041514	6,0293040293
4,008	6,16605616606	6,03418803419
4,012	6,17582417582	6,04395604396
4,016	6,17582417582	6,05860805861
4,02	6,17582417582	6,04395604396
4,024	6,15628815629	6,0293040293
4,028	6,15628815629	6,03418803419
4,032	6,16605616606	6,0293040293
4,036	6,17582417582	6,04884004884
4,04	6,17582417582	6,04884004884
4,044	6,18070818071	6,05372405372
4,048	6,16117216117	6,02442002442
4,052	6,16117216117	6,03418803419
4,056	6,16117216117	6,03418803419
4,06	6,17582417582	6,04884004884
4,064	6,16605616606	6,04395604396
4,068	6,17582417582	6,05372405372
4,072	6,15628815629	6,03418803419
4,076	6,16605616606	6,03907203907
4,08	6,15628815629	6,02442002442
4,084	6,18559218559	6,03907203907
4,088	6,17094017094	6,03907203907
4,092	6,18070818071	6,05372405372
4,096	6,17094017094	6,03907203907
4,1	6,16117216117	6,03418803419
4,104	6,1514041514	6,03418803419
4,108	6,16117216117	6,03907203907
4,112	6,17582417582	6,04395604396
4,116	6,17582417582	6,05860805861
4,12	6,16605616606	6,04884004884
4,124	6,15628815629	6,0293040293
4,128	6,16117216117	6,03418803419
4,132	6,15628815629	6,02442002442
4,136	6,16605616606	6,04884004884
4,14	6,16117216117	6,04395604396
4,144	6,16605616606	6,04884004884
4,148	-4,67643467643	5,92673992674
4,152	-4,67643467643	5,51648351648
4,156	-4,67643467643	5,12576312576
4,16	-4,66666666667	4,76923076923
4,164	-4,66666666667	4,39316239316
4,168	-4,66666666667	4,06105006105
4,172	-4,6862026862	3,71428571429
4,176	-4,67643467643	3,39194139194
4,18	-4,6862026862	3,07448107448
4,184	-4,67643467643	2,78632478632
4,188	-4,67155067155	2,50793650794
4,192	-4,67155067155	2,23931623932
4,196	-4,67643467643	1,9706959707
4,2	-4,6862026862	1,71184371184
4,204	-4,6862026862	1,46275946276
4,208	-4,69597069597	1,22344322344
4,212	-4,67155067155	1,01831501832
4,216	-4,67643467643	0,803418803419
4,22	-4,68131868132	0,588522588523
4,224	-4,69597069597	0,37851037851
4,228	-4,69597069597	0,188034188034
4,232	-4,70085470085	-0,002442002442
4,236	-4,68131868132	-0,15873015873
4,24	-4,69108669109	-0,334554334554
4,244	-4,6862026862	-0,495726495726
4,248	-4,70573870574	-0,671550671551
4,252	-4,70085470085	-0,822954822955
4,256	-4,70573870574	-0,969474969475
4,26	-4,6862026862	-1,10134310134
4,264	-4,69108669109	-1,2380952381
4,268	-4,6862026862	-1,35531135531
4,272	-4,70085470085	-1,48717948718
4,276	-4,70085470085	-1,61416361416
4,28	-4,71062271062	-1,73626373626
4,284	-4,70085470085	-1,83882783883
4,288	-4,69108669109	-1,94627594628
4,292	-4,69597069597	-2,03907203907
4,296	-4,69108669109	-2,14163614164
4,3	-4,70573870574	-2,2442002442
4,304	-4,70573870574	-2,336996337
4,308	-4,70573870574	-2,42979242979
4,312	-4,69597069597	-2,49328449328
4,316	-4,69597069597	-2,5811965812
4,32	-4,69597069597	-2,65445665446
4,324	-4,71550671551	-2,74725274725
4,328	-4,70573870574	-2,83028083028
4,332	-4,71062271062	-2,89377289377
4,336	-4,69597069597	-2,93284493284
4,34	-4,70573870574	-3,00610500611
4,344	-4,70085470085	-3,06471306471
4,348	-4,71550671551	-3,13308913309
4,352	-4,71062271062	-3,19658119658
4,356	-4,71550671551	-3,25030525031
4,36	-4,71550671551	-3,29914529915
4,364	-4,70573870574	-3,34798534799
4,368	-4,70085470085	-3,38705738706
4,372	-4,70573870574	-3,44078144078
4,376	-4,71550671551	-3,48962148962
4,38	-4,71550671551	-3,54334554335
4,384	-4,71550671551	-3,57753357753
4,388	-4,70085470085	-3,62148962149
4,392	-4,70573870574	-3,64590964591
4,396	-4,70573870574	-3,6800976801
4,4	-4,72039072039	-3,73382173382
4,404	-4,71550671551	-3,76800976801
4,408	-4,72039072039	-3,80708180708
4,412	-4,70573870574	-3,82173382173
4,416	-4,71062271062	-3,85592185592
4,42	-4,70085470085	-3,88034188034
4,424	-4,72527472527	-3,9242979243
4,428	-4,72039072039	-3,94871794872
4,432	-4,72527472527	-3,97802197802
4,436	-4,70085470085	-3,99755799756
4,44	-4,71062271062	-4,01709401709
4,444	-4,70573870574	-4,03174603175
4,448	-4,71062271062	-4,06105006105
4,452	-4,71550671551	-4,09035409035
4,456	-4,72527472527	-4,11965811966
4,46	-4,72039072039	-4,12942612943
4,464	-4,72039072039	-4,13919413919
4,468	-4,70573870574	-4,14896214896
4,472	-4,71062271062	-4,17338217338
4,476	-4,72039072039	-4,1978021978
4,48	-4,72039072039	-4,22222222222
4,484	-4,72527472527	-4,23687423687
4,488	-4,70573870574	-4,23199023199
4,492	-4,71062271062	-4,24664224664
4,496	-4,70573870574	-4,26617826618
4,5	-4,72527472527	-4,29548229548
4,504	-4,71550671551	-4,30036630037
4,508	-4,72527472527	-4,31501831502
4,512	-4,70573870574	-4,31501831502
4,516	-4,71062271062	-4,32967032967
4,52	-4,70573870574	-4,33455433455
4,524	-4,73015873016	-4,34920634921
4,528	-4,72039072039	-4,37362637363
4,532	-4,73015873016	-4,37851037851
4,536	-4,72527472527	-4,38827838828
4,54	-4,71550671551	-4,38827838828
4,544	-4,70573870574	-4,39316239316
4,548	-4,70573870574	-4,4126984127
4,552	-4,72039072039	-4,42246642247
4,556	-4,72527472527	-4,43711843712
4,56	-4,72527472527	-4,442002442
4,564	-4,70573870574	-4,43223443223
4,568	-4,71062271062	-4,43711843712
4,572	-4,70573870574	-4,44688644689
4,576	-4,72527472527	-4,46642246642
4,58	-4,72039072039	-4,46642246642
4,584	-4,72527472527	-4,48107448107
4,588	-4,70573870574	-4,46642246642
4,592	-4,71062271062	-4,47619047619
4,596	-4,71062271062	-4,48107448107
4,6	-4,72039072039	-4,50549450549
4,604	-4,72039072039	-4,50061050061
4,608	-4,73015873016	-4,51526251526
4,612	-4,71062271062	-4,51526251526
4,616	-4,72039072039	-4,51037851038
4,62	-4,70573870574	-4,50549450549
4,624	-4,71550671551	-4,52014652015
4,628	-4,72527472527	-4,52991452991
4,632	-4,73015873016	-4,53968253968
4,636	-4,72039072039	-4,53968253968
4,64	-4,71550671551	-4,5347985348
4,644	-4,71062271062	-4,52503052503
4,648	-4,71550671551	-4,54456654457
4,652	-4,72039072039	-4,54456654457
4,656	-4,73015873016	-4,54945054945
4,66	-4,73015873016	-4,54945054945
4,664	-4,70573870574	-4,54456654457
4,668	-4,70573870574	-4,53968253968
4,672	-4,71062271062	-4,55433455433
4,676	-4,72527472527	-4,56898656899
4,68	-4,72039072039	-4,56898656899
4,684	-4,72527472527	-4,56898656899
4,688	-4,70573870574	-4,55921855922
4,692	-4,71550671551	-4,5641025641
4,696	-4,71062271062	-4,5641025641
4,7	-4,73015873016	-4,56898656899
4,704	-4,72039072039	-4,58363858364
4,708	-4,73015873016	-4,57875457875
4,712	-4,72527472527	-4,58363858364
4,716	-4,71550671551	-4,57875457875
4,72	-4,71062271062	-4,56898656899
4,724	-4,71550671551	-4,57875457875
4,728	-4,72527472527	-4,58852258852
4,732	-4,73015873016	-4,59340659341
4,736	-4,72039072039	-4,58852258852
4,74	-4,71062271062	-4,58852258852
4,744	-4,70573870574	-4,57875457875
4,748	-4,70573870574	-4,59340659341
4,752	-4,72527472527	-4,59829059829
4,756	-4,73015873016	-4,59829059829
4,76	-4,72527472527	-4,59829059829
4,764	-4,71550671551	-4,58852258852
4,768	-4,71550671551	-4,58852258852
4,772	-4,71062271062	-4,58852258852
4,776	-4,72527472527	-4,59829059829
4,78	-4,72527472527	-4,60317460317
4,784	-4,73015873016	-4,60805860806
4,788	-4,71062271062	-4,60805860806
4,792	-4,71550671551	-4,59829059829
4,796	-4,71062271062	-4,59829059829
4,8	-4,71550671551	-4,59829059829
4,804	-4,72039072039	-4,60805860806
4,808	-4,73015873016	-4,61782661783
4,812	-4,72039072039	-4,60805860806
4,816	-4,72039072039	-4,60317460317
4,82	-4,71062271062	-4,59829059829
4,824	-4,72039072039	-4,60805860806
4,828	-4,72527472527	-4,60805860806
4,832	-4,72527472527	-4,62271062271
4,836	-4,72039072039	-4,60805860806
4,84	-4,71062271062	-4,60805860806
4,844	-4,71062271062	-4,59829059829
4,848	-4,71550671551	-4,60317460317
4,852	-4,72527472527	-4,60805860806
4,856	-4,72527472527	-4,61294261294
4,86	-4,73015873016	-4,61782661783
4,864	-4,71062271062	-4,60317460317
4,868	-4,71062271062	-4,60805860806
4,872	-4,71062271062	-4,60805860806
4,876	-4,73015873016	-4,60805860806
4,88	-4,72527472527	-4,62271062271
4,884	-4,72527472527	-4,62271062271
4,888	-4,72527472527	-4,61782661783
4,892	-4,71550671551	-4,61294261294
4,896	-4,70573870574	-4,60805860806
4,9	-4,71550671551	-4,61294261294
4,904	-4,72527472527	-4,62271062271
4,908	-4,73015873016	-4,62271062271
4,912	-4,72039072039	-4,62271062271
4,916	-4,72039072039	-4,61294261294
4,92	-4,70573870574	-4,60805860806
4,924	-4,71550671551	-4,61782661783
4,928	-4,72039072039	-4,62271062271
4,932	-4,73015873016	-4,63736263736
4,936	-4,72527472527	-4,61782661783
4,94	-4,71062271062	-4,61294261294
4,944	-4,71550671551	-4,60805860806
4,948	-4,71062271062	-4,61294261294
4,952	-4,73015873016	-4,62759462759
4,956	-4,72527472527	-4,62271062271
4,96	-4,73015873016	-4,62759462759
4,964	-4,71062271062	-4,62271062271
4,968	-4,71550671551	-4,61294261294
4,972	-4,71062271062	-4,61294261294
4,976	-4,71550671551	-4,61294261294
4,98	-4,72527472527	-4,62759462759
4,984	-4,73015873016	-4,62759462759
4,988	-4,73015873016	-4,62759462759
4,992	-4,71550671551	-4,61294261294
4,996	-4,71062271062	-4,61294261294
5	-4,71550671551	-4,61782661783
