Vernier Format 2
rc_prof rogiers.cmbl 24/02/2025 09:50:44 ,
Latest
Time	Potential 1	Potential 2
t	Pot 1	Pot 2
s	V	V

0	-4,88156288156	-0,00732600732601
0,002	-4,86691086691	-0,00732600732601
0,004	-4,84737484737	0,021978021978
0,006	-4,82783882784	0,046398046398
0,008	-4,81807081807	0,0561660561661
0,01	-4,79365079365	0,0757020757021
0,012	-4,77411477411	0,0952380952381
0,014	-4,75946275946	0,105006105006
0,016	-4,72527472527	0,13431013431
0,018	-4,70573870574	0,144078144078
0,02	-4,69597069597	0,15873015873
0,022	-4,67155067155	0,168498168498
0,024	-4,65201465201	0,192918192918
0,026	-4,63247863248	0,212454212454
0,028	-4,61782661783	0,227106227106
0,03	-4,58852258852	0,246642246642
0,032	-4,55921855922	0,261294261294
0,034	-4,54945054945	0,275946275946
0,036	-4,52014652015	0,300366300366
0,038	-4,49572649573	0,315018315018
0,04	-4,48107448107	0,32967032967
0,042	-4,442002442	0,339438339438
0,044	-4,42246642247	0,363858363858
0,046	-4,40293040293	0,383394383394
0,048	-4,36874236874	0,407814407814
0,05	-4,34920634921	0,422466422466
0,052	-4,32478632479	0,432234432234
0,054	-4,2905982906	0,442002442002
0,056	-4,26617826618	0,466422466422
0,058	-4,24175824176	0,481074481074
0,06	-4,21733821734	0,500610500611
0,062	-4,18803418803	0,515262515263
0,064	-4,15384615385	0,534798534799
0,066	-4,13431013431	0,549450549451
0,068	-4,10012210012	0,568986568987
0,07	-4,07081807082	0,593406593407
0,072	-4,05128205128	0,603174603175
0,074	-4,01221001221	0,617826617827
0,076	-3,98290598291	0,647130647131
0,078	-3,95848595849	0,652014652015
0,08	-3,92918192918	0,671550671551
0,082	-3,89499389499	0,691086691087
0,084	-3,86568986569	0,715506715507
0,086	-3,83638583639	0,715506715507
0,088	-3,80708180708	0,739926739927
0,09	-3,77289377289	0,764346764347
0,092	-3,73870573871	0,774114774115
0,094	-3,7094017094	0,783882783883
0,096	-3,67032967033	0,803418803419
0,098	-3,64590964591	0,818070818071
0,1	-3,60683760684	0,842490842491
0,102	-3,57753357753	0,857142857143
0,104	-3,54334554335	0,866910866911
0,106	-3,51404151404	0,871794871795
0,108	-3,47008547009	0,901098901099
0,11	-3,44078144078	0,920634920635
0,112	-3,41636141636	0,930402930403
0,114	-3,36752136752	0,954822954823
0,116	-3,33333333333	0,974358974359
0,118	-3,30402930403	0,979242979243
0,12	-3,26495726496	1,00366300366
0,122	-3,22588522589	1,01831501832
0,124	-3,20146520147	1,03296703297
0,126	-3,15750915751	1,04761904762
0,128	-3,11843711844	1,05738705739
0,13	-3,08424908425	1,07203907204
0,132	-3,04517704518	1,08669108669
0,134	-3,01098901099	1,11111111111
0,136	-2,9768009768	1,115995116
0,138	-2,94261294261	1,13064713065
0,14	-2,89865689866	1,15018315018
0,142	-2,85958485958	1,16971916972
0,144	-2,8253968254	1,1746031746
0,146	-2,78632478632	1,19413919414
0,148	-2,74725274725	1,21367521368
0,15	-2,71306471306	1,21855921856
0,152	-2,66422466422	1,2380952381
0,154	-2,62515262515	1,24786324786
0,156	-2,58608058608	1,26251526252
0,158	-2,55189255189	1,27716727717
0,16	-2,50793650794	1,2967032967
0,162	-2,47374847375	1,31135531136
0,164	-2,43467643468	1,31623931624
0,166	-2,39072039072	1,33577533578
0,168	-2,35164835165	1,3601953602
0,17	-2,31257631258	1,35531135531
0,172	-2,26373626374	1,37973137973
0,174	-2,22466422466	1,3894993895
0,176	-2,18559218559	1,39438339438
0,178	-2,14163614164	1,4188034188
0,18	-2,09768009768	1,43833943834
0,182	-2,06349206349	1,43833943834
0,184	-2,02442002442	1,45299145299
0,186	-1,97557997558	1,47252747253
0,188	-1,93162393162	1,48717948718
0,19	-1,89255189255	1,49206349206
0,192	-1,8485958486	1,50671550672
0,194	-1,80952380952	1,52136752137
0,196	-1,77045177045	1,53113553114
0,198	-1,71672771673	1,55067155067
0,2	-1,67765567766	1,56532356532
0,202	-1,63858363858	1,57020757021
0,204	-1,58974358974	1,57997557998
0,206	-1,55067155067	1,59462759463
0,208	-1,50671550672	1,6043956044
0,21	-1,46275946276	1,6043956044
0,212	-1,40903540904	1,62393162393
0,214	-1,37484737485	1,64346764347
0,216	-1,33089133089	1,64346764347
0,218	-1,28693528694	1,663003663
0,22	-1,23321123321	1,67277167277
0,222	-1,19902319902	1,67277167277
0,224	-1,1452991453	1,69230769231
0,226	-1,10622710623	1,70695970696
0,228	-1,06715506716	1,71184371184
0,23	-1,0231990232	1,73137973138
0,232	-0,974358974359	1,73626373626
0,234	-0,930402930403	1,73626373626
0,236	-0,886446886447	1,7557997558
0,238	-0,837606837607	1,76068376068
0,24	-0,798534798535	1,7851037851
0,242	-0,749694749695	1,78021978022
0,244	-0,705738705739	1,79487179487
0,246	-0,656898656899	1,80952380952
0,248	-0,622710622711	1,80463980464
0,25	-0,564102564103	1,82417582418
0,252	-0,520146520147	1,83882783883
0,254	-0,485958485958	1,83882783883
0,256	-0,432234432234	1,8485958486
0,258	-0,383394383394	1,85836385836
0,26	-0,339438339438	1,85836385836
0,262	-0,310134310134	1,87301587302
0,264	-0,251526251526	1,88766788767
0,266	-0,20757020757	1,89255189255
0,268	-0,163614163614	1,89743589744
0,27	-0,114774114774	1,9072039072
0,272	-0,0708180708181	1,91697191697
0,274	-0,026862026862	1,92185592186
0,276	0,021978021978	1,93162393162
0,278	0,0757020757021	1,94139194139
0,28	0,10989010989	1,94627594628
0,282	0,153846153846	1,95115995116
0,284	0,20757020757	1,96581196581
0,286	0,25641025641	1,96092796093
0,288	0,295482295482	1,96581196581
0,29	0,344322344322	1,97557997558
0,292	0,388278388278	1,98534798535
0,294	0,422466422466	1,98046398046
0,296	0,481074481074	1,99511599512
0,298	0,525030525031	2,00488400488
0,3	0,568986568987	2
0,302	0,612942612943	2,01465201465
0,304	0,661782661783	2,02442002442
0,306	0,700854700855	2,01465201465
0,308	0,754578754579	2,0293040293
0,31	0,798534798535	2,03907203907
0,312	0,842490842491	2,03907203907
0,314	0,891330891331	2,04395604396
0,316	0,935286935287	2,04884004884
0,318	0,979242979243	2,04884004884
0,32	1,03296703297	2,05372405372
0,322	1,07203907204	2,06349206349
0,324	1,115995116	2,07814407814
0,326	1,15506715507	2,06837606838
0,328	1,20879120879	2,07326007326
0,33	1,25763125763	2,07814407814
0,332	1,29181929182	2,07814407814
0,334	1,34554334554	2,0927960928
0,336	1,39438339438	2,10256410256
0,338	1,43345543346	2,0927960928
0,34	1,4822954823	2,09768009768
0,342	1,52136752137	2,10256410256
0,344	1,56532356532	2,10744810745
0,346	1,60927960928	2,10744810745
0,348	1,65811965812	2,11233211233
0,35	1,70207570208	2,11233211233
0,352	1,74603174603	2,11233211233
0,354	1,79487179487	2,1221001221
0,356	1,83882783883	2,13186813187
0,358	1,8778998779	2,12698412698
0,36	1,92673992674	2,13186813187
0,362	1,97557997558	2,13675213675
0,364	2,01465201465	2,13186813187
0,366	2,05372405372	2,13675213675
0,368	2,10744810745	2,13675213675
0,37	2,1514041514	2,13675213675
0,372	2,19047619048	2,13675213675
0,374	2,2442002442	2,14163614164
0,376	2,27838827839	2,14163614164
0,378	2,31746031746	2,13675213675
0,38	2,37606837607	2,1514041514
0,382	2,41514041514	2,14163614164
0,384	2,45421245421	2,14163614164
0,386	2,49816849817	2,1514041514
0,388	2,54212454212	2,1514041514
0,39	2,58608058608	2,14163614164
0,392	2,62515262515	2,14652014652
0,394	2,66910866911	2,1514041514
0,396	2,71306471306	2,14652014652
0,398	2,74725274725	2,1514041514
0,4	2,80097680098	2,1514041514
0,402	2,84004884005	2,14163614164
0,404	2,87423687424	2,14163614164
0,406	2,92307692308	2,14163614164
0,408	2,96703296703	2,1514041514
0,41	3,00122100122	2,13675213675
0,412	3,05006105006	2,14163614164
0,414	3,08913308913	2,14652014652
0,416	3,13308913309	2,13675213675
0,418	3,17704517705	2,14163614164
0,42	3,21123321123	2,13675213675
0,422	3,25518925519	2,13186813187
0,424	3,28449328449	2,13186813187
0,426	3,33333333333	2,13186813187
0,428	3,37240537241	2,13186813187
0,43	3,41636141636	2,1221001221
0,432	3,45543345543	2,12698412698
0,434	3,49450549451	2,12698412698
0,436	3,53357753358	2,1221001221
0,438	3,57753357753	2,11721611722
0,44	3,61172161172	2,11721611722
0,442	3,65079365079	2,11233211233
0,444	3,69474969475	2,10744810745
0,446	3,73382173382	2,11233211233
0,448	3,76312576313	2,09768009768
0,45	3,79731379731	2,0927960928
0,452	3,84615384615	2,09768009768
0,454	3,88522588523	2,0927960928
0,456	3,90964590965	2,07814407814
0,458	3,94871794872	2,08302808303
0,46	3,99755799756	2,08791208791
0,462	4,02197802198	2,06837606838
0,464	4,06593406593	2,06349206349
0,466	4,10012210012	2,07326007326
0,468	4,13431013431	2,05372405372
0,47	4,1684981685	2,04884004884
0,472	4,20757020757	2,05372405372
0,474	4,25152625153	2,03907203907
0,476	4,28083028083	2,03418803419
0,478	4,31013431013	2,03418803419
0,48	4,35409035409	2,03418803419
0,482	4,38339438339	2,01953601954
0,484	4,41758241758	2,01465201465
0,486	4,45665445665	2,01465201465
0,488	4,47619047619	2
0,49	4,52014652015	2
0,492	4,55433455433	1,99511599512
0,494	4,58363858364	1,98534798535
0,496	4,61782661783	1,98046398046
0,498	4,65201465201	1,9706959707
0,5	4,6862026862	1,96092796093
0,502	4,71550671551	1,94627594628
0,504	4,75457875458	1,95604395604
0,506	4,78388278388	1,95115995116
0,508	4,8083028083	1,93162393162
0,51	4,83760683761	1,93162393162
0,512	4,88156288156	1,93162393162
0,514	4,89621489621	1,91208791209
0,516	4,94017094017	1,9072039072
0,518	4,96947496947	1,9072039072
0,52	4,99877899878	1,88766788767
0,522	5,01343101343	1,88766788767
0,524	5,0525030525	1,88278388278
0,526	5,08180708181	1,87301587302
0,528	5,11111111111	1,85836385836
0,53	5,14041514042	1,85347985348
0,532	5,1746031746	1,85347985348
0,534	5,19413919414	1,83394383394
0,536	5,22344322344	1,82905982906
0,538	5,26251526252	1,82417582418
0,54	5,2673992674	1,79975579976
0,542	5,30647130647	1,79975579976
0,544	5,34065934066	1,79487179487
0,546	5,3601953602	1,78998778999
0,548	5,38461538462	1,76556776557
0,55	5,4188034188	1,77045177045
0,552	5,43833943834	1,76068376068
0,554	5,45299145299	1,74114774115
0,556	5,49694749695	1,74114774115
0,558	5,5115995116	1,72161172161
0,56	5,53113553114	1,70695970696
0,562	5,56043956044	1,70695970696
0,564	5,58485958486	1,69719169719
0,566	5,59951159951	1,68253968254
0,568	5,62881562882	1,67765567766
0,57	5,65811965812	1,663003663
0,572	5,67277167277	1,64835164835
0,574	5,69719169719	1,63858363858
0,576	5,71672771673	1,6336996337
0,578	5,73137973138	1,61416361416
0,58	5,7557997558	1,59462759463
0,582	5,78021978022	1,59462759463
0,584	5,80463980464	1,58485958486
0,586	5,81929181929	1,57020757021
0,588	5,84371184371	1,56043956044
0,59	5,85836385836	1,55067155067
0,592	5,8778998779	1,53601953602
0,594	5,89255189255	1,52625152625
0,596	5,91208791209	1,51648351648
0,598	5,92185592186	1,49694749695
0,6	5,93650793651	1,4822954823
0,602	5,96581196581	1,47741147741
0,604	5,98046398046	1,46764346764
0,606	5,99023199023	1,44322344322
0,608	6,00488400488	1,43345543346
0,61	6,0293040293	1,42857142857
0,612	6,03418803419	1,40903540904
0,614	6,04884004884	1,39926739927
0,616	6,07326007326	1,38461538462
0,618	6,07814407814	1,36996336996
0,62	6,0927960928	1,35531135531
0,622	6,10744810745	1,34065934066
0,624	6,11721611722	1,32600732601
0,626	6,12698412698	1,31135531136
0,628	6,14652014652	1,30158730159
0,63	6,15628815629	1,29181929182
0,632	6,16605616606	1,2673992674
0,634	6,18070818071	1,26251526252
0,636	6,19047619048	1,25274725275
0,638	6,20024420024	1,21855921856
0,64	6,21001221001	1,21367521368
0,642	6,22466422466	1,20390720391
0,644	6,22954822955	1,18437118437
0,646	6,23443223443	1,16971916972
0,648	6,24908424908	1,15506715507
0,65	6,24908424908	1,13553113553
0,652	6,25885225885	1,115995116
0,654	6,26373626374	1,11111111111
0,656	6,2735042735	1,09157509158
0,658	6,2735042735	1,07692307692
0,66	6,28327228327	1,06715506716
0,662	6,29304029304	1,0525030525
0,664	6,29792429792	1,02808302808
0,666	6,29792429792	1,01831501832
0,668	6,30280830281	1,00854700855
0,67	6,30280830281	0,984126984127
0,672	6,32234432234	0,974358974359
0,674	6,32234432234	0,959706959707
0,676	6,32234432234	0,940170940171
0,678	6,33211233211	0,930402930403
0,68	6,336996337	0,915750915751
0,682	6,34188034188	0,901098901099
0,684	6,33211233211	0,881562881563
0,686	6,34188034188	0,871794871795
0,688	6,34188034188	0,862026862027
0,69	6,34188034188	0,837606837607
0,692	6,34188034188	0,822954822955
0,694	6,35164835165	0,803418803419
0,696	6,336996337	0,788766788767
0,698	6,34676434676	0,774114774115
0,7	6,336996337	0,754578754579
0,702	6,33211233211	0,730158730159
0,704	6,33211233211	0,710622710623
0,706	6,32722832723	0,705738705739
0,708	6,32234432234	0,681318681319
0,71	6,31257631258	0,656898656899
0,712	6,31746031746	0,642246642247
0,714	6,30769230769	0,627594627595
0,716	6,29792429792	0,603174603175
0,718	6,30769230769	0,603174603175
0,72	6,29792429792	0,578754578755
0,722	6,29304029304	0,559218559219
0,724	6,28327228327	0,549450549451
0,726	6,28815628816	0,529914529915
0,728	6,2735042735	0,510378510379
0,73	6,26373626374	0,500610500611
0,732	6,25885225885	0,481074481074
0,734	6,24908424908	0,461538461538
0,736	6,25396825397	0,442002442002
0,738	6,2442002442	0,432234432234
0,74	6,23443223443	0,407814407814
0,742	6,2148962149	0,388278388278
0,744	6,2148962149	0,37851037851
0,746	6,20512820513	0,358974358974
0,748	6,18559218559	0,344322344322
0,75	6,18559218559	0,32967032967
0,752	6,18070818071	0,315018315018
0,754	6,16117216117	0,290598290598
0,756	6,14652014652	0,275946275946
0,758	6,14163614164	0,266178266178
0,76	6,12698412698	0,246642246642
0,762	6,10744810745	0,222222222222
0,764	6,10744810745	0,212454212454
0,766	6,08791208791	0,197802197802
0,768	6,06837606838	0,173382173382
0,77	6,05860805861	0,15873015873
0,772	6,05372405372	0,148962148962
0,774	6,03907203907	0,124542124542
0,776	6,02442002442	0,10989010989
0,778	6,00976800977	0,0952380952381
0,78	6	0,0757020757021
0,782	5,98046398046	0,0561660561661
0,784	5,96581196581	0,046398046398
0,786	5,94139194139	0,031746031746
0,788	5,92673992674	0,002442002442
0,79	5,9072039072	-0,002442002442
0,792	5,89255189255	-0,026862026862
0,794	5,87301587302	-0,046398046398
0,796	5,86324786325	-0,0561660561661
0,798	5,8485958486	-0,0708180708181
0,8	5,82417582418	-0,0952380952381
0,802	5,80463980464	-0,105006105006
0,804	5,78998778999	-0,114774114774
0,806	5,76556776557	-0,144078144078
0,808	5,74114774115	-0,153846153846
0,81	5,73626373626	-0,168498168498
0,812	5,71184371184	-0,192918192918
0,814	5,68742368742	-0,217338217338
0,816	5,67277167277	-0,222222222222
0,818	5,63858363858	-0,241758241758
0,82	5,61904761905	-0,261294261294
0,822	5,60927960928	-0,271062271062
0,824	5,58485958486	-0,290598290598
0,826	5,55067155067	-0,315018315018
0,828	5,53601953602	-0,324786324786
0,83	5,51648351648	-0,339438339438
0,832	5,48717948718	-0,363858363858
0,834	5,45787545788	-0,373626373626
0,836	5,44322344322	-0,383394383394
0,838	5,41391941392	-0,40293040293
0,84	5,3894993895	-0,42735042735
0,842	5,36507936508	-0,442002442002
0,844	5,34065934066	-0,446886446886
0,846	5,31135531136	-0,47619047619
0,848	5,28693528694	-0,495726495726
0,85	5,26251526252	-0,495726495726
0,852	5,23321123321	-0,529914529915
0,854	5,20879120879	-0,539682539683
0,856	5,18437118437	-0,554334554335
0,858	5,15018315018	-0,573870573871
0,86	5,13064713065	-0,598290598291
0,862	5,10134310134	-0,598290598291
0,864	5,07203907204	-0,622710622711
0,866	5,03296703297	-0,642246642247
0,868	5,01831501832	-0,652014652015
0,87	4,98412698413	-0,661782661783
0,872	4,95482295482	-0,686202686203
0,874	4,9304029304	-0,695970695971
0,876	4,89621489621	-0,705738705739
0,878	4,86202686203	-0,735042735043
0,88	4,83760683761	-0,744810744811
0,882	4,8083028083	-0,759462759463
0,884	4,77411477411	-0,778998778999
0,886	4,74969474969	-0,798534798535
0,888	4,72527472527	-0,803418803419
0,89	4,68131868132	-0,827838827839
0,892	4,6568986569	-0,847374847375
0,894	4,62271062271	-0,852258852259
0,896	4,59340659341	-0,871794871795
0,898	4,55921855922	-0,886446886447
0,9	4,5347985348	-0,891330891331
0,902	4,50549450549	-0,910866910867
0,904	4,45665445665	-0,925518925519
0,906	4,43223443223	-0,940170940171
0,908	4,40293040293	-0,949938949939
0,91	4,36385836386	-0,969474969475
0,912	4,32967032967	-0,984126984127
0,914	4,30036630037	-0,989010989011
0,916	4,26129426129	-1,01343101343
0,918	4,23687423687	-1,02808302808
0,92	4,1978021978	-1,02808302808
0,922	4,15873015873	-1,0525030525
0,924	4,12454212454	-1,07203907204
0,926	4,09035409035	-1,08180708181
0,928	4,06105006105	-1,09157509158
0,93	4,02197802198	-1,11111111111
0,932	3,98778998779	-1,12087912088
0,934	3,94871794872	-1,13064713065
0,936	3,90964590965	-1,15018315018
0,938	3,87545787546	-1,16971916972
0,94	3,85103785104	-1,16971916972
0,942	3,81196581197	-1,18925518926
0,944	3,76312576313	-1,20390720391
0,946	3,73382173382	-1,20879120879
0,948	3,69474969475	-1,22832722833
0,95	3,65079365079	-1,25274725275
0,952	3,62148962149	-1,25763125763
0,954	3,57753357753	-1,26251526252
0,956	3,53357753358	-1,28693528694
0,958	3,50427350427	-1,28693528694
0,96	3,47985347985	-1,2967032967
0,962	3,41636141636	-1,32112332112
0,964	3,39682539683	-1,33089133089
0,966	3,35286935287	-1,34065934066
0,968	3,3137973138	-1,35531135531
0,97	3,27472527473	-1,37484737485
0,972	3,24053724054	-1,37484737485
0,974	3,20146520147	-1,3894993895
0,976	3,14774114774	-1,40903540904
0,978	3,11843711844	-1,41391941392
0,98	3,07936507937	-1,43345543346
0,982	3,03540903541	-1,44322344322
0,984	3,00122100122	-1,44810744811
0,986	2,96214896215	-1,45787545788
0,988	2,91819291819	-1,47741147741
0,99	2,87912087912	-1,4822954823
0,992	2,84004884005	-1,49206349206
0,994	2,79609279609	-1,50671550672
0,996	2,7619047619	-1,5115995116
0,998	2,71794871795	-1,52136752137
1	2,67399267399	-1,5409035409
1,002	2,63492063492	-1,55555555556
1,004	2,59584859585	-1,56043956044
1,006	2,55189255189	-1,56532356532
1,008	2,50793650794	-1,57997557998
1,01	2,47374847375	-1,58974358974
1,012	2,42979242979	-1,59951159951
1,014	2,38583638584	-1,61416361416
1,016	2,34676434676	-1,61904761905
1,018	2,30280830281	-1,62881562882
1,02	2,25396825397	-1,64346764347
1,022	2,2148962149	-1,65811965812
1,024	2,17582417582	-1,65323565324
1,026	2,13186813187	-1,67277167277
1,028	2,08791208791	-1,68742368742
1,03	2,04395604396	-1,69230769231
1,032	2,00976800977	-1,69719169719
1,034	1,95604395604	-1,70695970696
1,036	1,92185592186	-1,71184371184
1,038	1,88278388278	-1,71672771673
1,04	1,82905982906	-1,74114774115
1,042	1,79487179487	-1,73626373626
1,044	1,7557997558	-1,74603174603
1,046	1,70207570208	-1,76556776557
1,048	1,663003663	-1,77533577534
1,05	1,61904761905	-1,78021978022
1,052	1,57509157509	-1,7851037851
1,054	1,53113553114	-1,79975579976
1,056	1,49206349206	-1,79975579976
1,058	1,44810744811	-1,80952380952
1,06	1,39926739927	-1,82417582418
1,062	1,35531135531	-1,82417582418
1,064	1,31623931624	-1,82905982906
1,066	1,26251526252	-1,84371184371
1,068	1,22832722833	-1,8485958486
1,07	1,18437118437	-1,85347985348
1,072	1,14041514042	-1,86324786325
1,074	1,09645909646	-1,87301587302
1,076	1,05738705739	-1,87301587302
1,078	1,00854700855	-1,88278388278
1,08	0,959706959707	-1,89255189255
1,082	0,920634920635	-1,89743589744
1,084	0,876678876679	-1,90231990232
1,086	0,827838827839	-1,91208791209
1,088	0,788766788767	-1,91208791209
1,09	0,749694749695	-1,92185592186
1,092	0,695970695971	-1,93162393162
1,094	0,656898656899	-1,93162393162
1,096	0,612942612943	-1,93162393162
1,098	0,564102564103	-1,94627594628
1,1	0,520146520147	-1,95115995116
1,102	0,481074481074	-1,95604395604
1,104	0,432234432234	-1,96092796093
1,106	0,383394383394	-1,97557997558
1,108	0,344322344322	-1,9706959707
1,11	0,300366300366	-1,98046398046
1,112	0,251526251526	-1,98534798535
1,114	0,217338217338	-1,99023199023
1,116	0,178266178266	-1,99023199023
1,118	0,124542124542	-2
1,12	0,0903540903541	-2
1,122	0,041514041514	-2,00488400488
1,124	-0,01221001221	-2,01953601954
1,126	-0,046398046398	-2,01953601954
1,128	-0,0854700854701	-2,01953601954
1,13	-0,13431013431	-2,02442002442
1,132	-0,18315018315	-2,03418803419
1,134	-0,222222222222	-2,0293040293
1,136	-0,266178266178	-2,03418803419
1,138	-0,315018315018	-2,04395604396
1,14	-0,349206349206	-2,04395604396
1,142	-0,398046398046	-2,04395604396
1,144	-0,446886446886	-2,05372405372
1,146	-0,481074481074	-2,05372405372
1,148	-0,520146520147	-2,05372405372
1,15	-0,573870573871	-2,06349206349
1,152	-0,617826617827	-2,06349206349
1,154	-0,652014652015	-2,06349206349
1,156	-0,705738705739	-2,07326007326
1,158	-0,749694749695	-2,07326007326
1,16	-0,788766788767	-2,07814407814
1,162	-0,832722832723	-2,07814407814
1,164	-0,886446886447	-2,08302808303
1,166	-0,915750915751	-2,08302808303
1,168	-0,959706959707	-2,08302808303
1,17	-1,00854700855	-2,08791208791
1,172	-1,04273504274	-2,08791208791
1,174	-1,08669108669	-2,08302808303
1,176	-1,13553113553	-2,08791208791
1,178	-1,16971916972	-2,0927960928
1,18	-1,21855921856	-2,0927960928
1,182	-1,26251526252	-2,09768009768
1,184	-1,31135531136	-2,10256410256
1,186	-1,34554334554	-2,08791208791
1,188	-1,38461538462	-2,09768009768
1,19	-1,43833943834	-2,10744810745
1,192	-1,46275946276	-2,09768009768
1,194	-1,51648351648	-2,08791208791
1,196	-1,56043956044	-2,10744810745
1,198	-1,59951159951	-2,09768009768
1,2	-1,6336996337	-2,0927960928
1,202	-1,68253968254	-2,10256410256
1,204	-1,7264957265	-2,10256410256
1,206	-1,76556776557	-2,09768009768
1,208	-1,80463980464	-2,09768009768
1,21	-1,8485958486	-2,10744810745
1,212	-1,88278388278	-2,0927960928
1,214	-1,93162393162	-2,10256410256
1,216	-1,97557997558	-2,10256410256
1,218	-2	-2,0927960928
1,22	-2,03907203907	-2,09768009768
1,222	-2,0927960928	-2,10256410256
1,224	-2,12698412698	-2,0927960928
1,226	-2,16605616606	-2,08791208791
1,228	-2,21001221001	-2,0927960928
1,23	-2,2442002442	-2,0927960928
1,232	-2,27838827839	-2,08791208791
1,234	-2,33211233211	-2,08791208791
1,236	-2,3663003663	-2,08791208791
1,238	-2,40048840049	-2,07814407814
1,24	-2,43956043956	-2,07814407814
1,242	-2,47863247863	-2,08302808303
1,244	-2,5177045177	-2,07326007326
1,246	-2,55677655678	-2,06349206349
1,248	-2,60073260073	-2,07814407814
1,25	-2,63003663004	-2,06349206349
1,252	-2,66910866911	-2,06349206349
1,254	-2,70818070818	-2,06349206349
1,256	-2,74236874237	-2,05372405372
1,258	-2,77655677656	-2,04884004884
1,26	-2,8253968254	-2,05372405372
1,262	-2,8547008547	-2,04884004884
1,264	-2,88888888889	-2,04395604396
1,266	-2,92796092796	-2,04395604396
1,268	-2,97191697192	-2,03907203907
1,27	-2,99633699634	-2,0293040293
1,272	-3,04029304029	-2,01953601954
1,274	-3,07448107448	-2,03418803419
1,276	-3,10378510379	-2,01953601954
1,278	-3,13797313797	-2,00488400488
1,28	-3,18192918193	-2,00976800977
1,282	-3,21123321123	-2,00488400488
1,284	-3,25030525031	-1,99511599512
1,286	-3,28449328449	-1,99511599512
1,288	-3,31868131868	-2
1,29	-3,3431013431	-1,98046398046
1,292	-3,37728937729	-1,97557997558
1,294	-3,42124542125	-1,98046398046
1,296	-3,44566544567	-1,9706959707
1,298	-3,48473748474	-1,95604395604
1,3	-3,51404151404	-1,96092796093
1,302	-3,54334554335	-1,94627594628
1,304	-3,57753357753	-1,93650793651
1,306	-3,61172161172	-1,94139194139
1,308	-3,64102564103	-1,93162393162
1,31	-3,67032967033	-1,92185592186
1,312	-3,7094017094	-1,91697191697
1,314	-3,73870573871	-1,9072039072
1,316	-3,76312576313	-1,90231990232
1,318	-3,8021978022	-1,90231990232
1,32	-3,82661782662	-1,90231990232
1,322	-3,85103785104	-1,88278388278
1,324	-3,88034188034	-1,88278388278
1,326	-3,91941391941	-1,87301587302
1,328	-3,93894993895	-1,85836385836
1,33	-3,96336996337	-1,84371184371
1,332	-4,00732600733	-1,84371184371
1,334	-4,02686202686	-1,83394383394
1,336	-4,05616605617	-1,81929181929
1,338	-4,08547008547	-1,82417582418
1,34	-4,11477411477	-1,80952380952
1,342	-4,13919413919	-1,79975579976
1,344	-4,16361416361	-1,79487179487
1,346	-4,1978021978	-1,79487179487
1,348	-4,21733821734	-1,77533577534
1,35	-4,24664224664	-1,77045177045
1,352	-4,27594627595	-1,76556776557
1,354	-4,29548229548	-1,7557997558
1,356	-4,31501831502	-1,73137973138
1,358	-4,34920634921	-1,73626373626
1,36	-4,36874236874	-1,7264957265
1,362	-4,39316239316	-1,71184371184
1,364	-4,42246642247	-1,70695970696
1,366	-4,43711843712	-1,69719169719
1,368	-4,46153846154	-1,68253968254
1,37	-4,49084249084	-1,67277167277
1,372	-4,52014652015	-1,66788766789
1,374	-4,52991452991	-1,65811965812
1,376	-4,55433455433	-1,64346764347
1,378	-4,58363858364	-1,63858363858
1,38	-4,59340659341	-1,61904761905
1,382	-4,61782661783	-1,61416361416
1,384	-4,64713064713	-1,60927960928
1,386	-4,6568986569	-1,58974358974
1,388	-4,68131868132	-1,57509157509
1,39	-4,70573870574	-1,57509157509
1,392	-4,72039072039	-1,56043956044
1,394	-4,73992673993	-1,54578754579
1,396	-4,75457875458	-1,53113553114
1,398	-4,77411477411	-1,52625152625
1,4	-4,79365079365	-1,5115995116
1,402	-4,81318681319	-1,49694749695
1,404	-4,83272283272	-1,49694749695
1,406	-4,84737484737	-1,47252747253
1,408	-4,85714285714	-1,45787545788
1,41	-4,88644688645	-1,45787545788
1,412	-4,9010989011	-1,44322344322
1,414	-4,90598290598	-1,42857142857
1,416	-4,9304029304	-1,4188034188
1,418	-4,94505494505	-1,40415140415
1,42	-4,95482295482	-1,3894993895
1,422	-4,97924297924	-1,37484737485
1,424	-4,99877899878	-1,36507936508
1,426	-5,00366300366	-1,35042735043
1,428	-5,01831501832	-1,34065934066
1,43	-5,03785103785	-1,33089133089
1,432	-5,04273504274	-1,31623931624
1,434	-5,05738705739	-1,29181929182
1,436	-5,07692307692	-1,29181929182
1,438	-5,08180708181	-1,27716727717
1,44	-5,09157509158	-1,25763125763
1,442	-5,10622710623	-1,25274725275
1,444	-5,11111111111	-1,23321123321
1,446	-5,12576312576	-1,21855921856
1,448	-5,13553113553	-1,21367521368
1,45	-5,1452991453	-1,19902319902
1,452	-5,15506715507	-1,17948717949
1,454	-5,16971916972	-1,1746031746
1,456	-5,1746031746	-1,16483516484
1,458	-5,17948717949	-1,14041514042
1,46	-5,19413919414	-1,12576312576
1,462	-5,20390720391	-1,115995116
1,464	-5,20390720391	-1,09645909646
1,466	-5,21367521368	-1,08669108669
1,468	-5,22344322344	-1,07692307692
1,47	-5,22344322344	-1,0525030525
1,472	-5,22832722833	-1,03785103785
1,474	-5,24297924298	-1,03296703297
1,476	-5,24297924298	-1,01343101343
1,478	-5,24297924298	-0,993894993895
1,48	-5,25763125763	-0,989010989011
1,482	-5,26251526252	-0,974358974359
1,484	-5,2673992674	-0,954822954823
1,486	-5,2673992674	-0,935286935287
1,488	-5,27716727717	-0,930402930403
1,49	-5,28205128205	-0,915750915751
1,492	-5,27228327228	-0,896214896215
1,494	-5,28693528694	-0,886446886447
1,496	-5,28205128205	-0,862026862027
1,498	-5,28693528694	-0,857142857143
1,5	-5,29181929182	-0,847374847375
1,502	-5,2967032967	-0,827838827839
1,504	-5,2967032967	-0,813186813187
1,506	-5,29181929182	-0,808302808303
1,508	-5,31135531136	-0,793650793651
1,51	-5,2967032967	-0,774114774115
1,512	-5,30158730159	-0,749694749695
1,514	-5,2967032967	-0,744810744811
1,516	-5,28693528694	-0,720390720391
1,518	-5,29181929182	-0,700854700855
1,52	-5,29181929182	-0,691086691087
1,522	-5,27716727717	-0,671550671551
1,524	-5,27716727717	-0,652014652015
1,526	-5,27716727717	-0,642246642247
1,528	-5,27228327228	-0,627594627595
1,53	-5,2673992674	-0,608058608059
1,532	-5,2673992674	-0,593406593407
1,534	-5,25274725275	-0,578754578755
1,536	-5,24786324786	-0,559218559219
1,538	-5,24786324786	-0,544566544567
1,54	-5,25274725275	-0,529914529915
1,542	-5,23321123321	-0,510378510379
1,544	-5,22344322344	-0,495726495726
1,546	-5,22832722833	-0,485958485958
1,548	-5,21367521368	-0,466422466422
1,55	-5,20390720391	-0,446886446886
1,552	-5,20390720391	-0,437118437118
1,554	-5,18925518926	-0,417582417582
1,556	-5,17948717949	-0,393162393162
1,558	-5,1746031746	-0,388278388278
1,56	-5,16483516484	-0,368742368742
1,562	-5,15506715507	-0,344322344322
1,564	-5,1452991453	-0,32967032967
1,566	-5,14041514042	-0,324786324786
1,568	-5,12576312576	-0,300366300366
1,57	-5,115995116	-0,285714285714
1,572	-5,10622710623	-0,271062271062
1,574	-5,08669108669	-0,251526251526
1,576	-5,07692307692	-0,23199023199
1,578	-5,06715506716	-0,217338217338
1,58	-5,0525030525	-0,192918192918
1,582	-5,03785103785	-0,178266178266
1,584	-5,02808302808	-0,168498168498
1,586	-5,00854700855	-0,148962148962
1,588	-4,99389499389	-0,129426129426
1,59	-4,98412698413	-0,114774114774
1,592	-4,96947496947	-0,100122100122
1,594	-4,94993894994	-0,0805860805861
1,596	-4,93528693529	-0,0659340659341
1,598	-4,92063492063	-0,0512820512821
1,6	-4,9010989011	-0,026862026862
1,602	-4,88644688645	-0,00732600732601
1,604	-4,87667887668	0,002442002442
1,606	-4,85225885226	0,021978021978
1,608	-4,82783882784	0,041514041514
1,61	-4,81318681319	0,0561660561661
1,612	-4,79365079365	0,0708180708181
1,614	-4,77411477411	0,0952380952381
1,616	-4,75457875458	0,105006105006
1,618	-4,74481074481	0,10989010989
1,62	-4,71550671551	0,144078144078
1,622	-4,69597069597	0,168498168498
1,624	-4,67643467643	0,168498168498
1,626	-4,65201465201	0,197802197802
1,628	-4,62759462759	0,212454212454
1,63	-4,61782661783	0,227106227106
1,632	-4,58852258852	0,246642246642
1,634	-4,55921855922	0,261294261294
1,636	-4,54456654457	0,275946275946
1,638	-4,52014652015	0,295482295482
1,64	-4,49572649573	0,319902319902
1,642	-4,47619047619	0,32967032967
1,644	-4,45177045177	0,339438339438
1,646	-4,42246642247	0,373626373626
1,648	-4,39316239316	0,388278388278
1,65	-4,37362637363	0,398046398046
1,652	-4,34920634921	0,422466422466
1,654	-4,3199023199	0,432234432234
1,656	-4,29548229548	0,45177045177
1,658	-4,27106227106	0,471306471306
1,66	-4,24175824176	0,490842490842
1,662	-4,22222222222	0,505494505495
1,664	-4,19291819292	0,520146520147
1,666	-4,15873015873	0,534798534799
1,668	-4,13431013431	0,554334554335
1,67	-4,10989010989	0,564102564103
1,672	-4,07081807082	0,588522588523
1,674	-4,04151404151	0,612942612943
1,676	-4,02197802198	0,622710622711
1,678	-3,98778998779	0,642246642247
1,68	-3,95848595849	0,656898656899
1,682	-3,93406593407	0,671550671551
1,684	-3,89499389499	0,681318681319
1,686	-3,86568986569	0,705738705739
1,688	-3,84126984127	0,720390720391
1,69	-3,81196581197	0,735042735043
1,692	-3,77289377289	0,754578754579
1,694	-3,74358974359	0,778998778999
1,696	-3,7094017094	0,783882783883
1,698	-3,67032967033	0,808302808303
1,7	-3,64102564103	0,827838827839
1,702	-3,61660561661	0,832722832723
1,704	-3,57753357753	0,852258852259
1,706	-3,54334554335	0,866910866911
1,708	-3,50915750916	0,881562881563
1,71	-3,47496947497	0,891330891331
1,712	-3,44078144078	0,920634920635
1,714	-3,40659340659	0,930402930403
1,716	-3,37728937729	0,949938949939
1,718	-3,33821733822	0,969474969475
1,72	-3,29914529915	0,984126984127
1,722	-3,26984126984	0,984126984127
1,724	-3,23076923077	1,01831501832
1,726	-3,19658119658	1,02808302808
1,728	-3,15750915751	1,04273504274
1,73	-3,12820512821	1,06227106227
1,732	-3,08913308913	1,07692307692
1,734	-3,05494505495	1,09157509158
1,736	-3,01587301587	1,10134310134
1,738	-2,9768009768	1,12576312576
1,74	-2,93772893773	1,13553113553
1,742	-2,90354090354	1,1452991453
1,744	-2,85958485958	1,16483516484
1,746	-2,82051282051	1,17948717949
1,748	-2,79120879121	1,18925518926
1,75	-2,74725274725	1,20390720391
1,752	-2,7032967033	1,22344322344
1,754	-2,67399267399	1,23321123321
1,756	-2,63492063492	1,25274725275
1,758	-2,58608058608	1,26251526252
1,76	-2,55677655678	1,27716727717
1,762	-2,50793650794	1,30158730159
1,764	-2,47863247863	1,31135531136
1,766	-2,43956043956	1,32112332112
1,768	-2,3956043956	1,33089133089
1,77	-2,35164835165	1,35042735043
1,772	-2,30769230769	1,36996336996
1,774	-2,2735042735	1,37484737485
1,776	-2,22954822955	1,3894993895
1,778	-2,18559218559	1,40903540904
1,78	-2,14652014652	1,4188034188
1,782	-2,09768009768	1,42857142857
1,784	-2,06349206349	1,44322344322
1,786	-2,02442002442	1,44810744811
1,788	-1,98534798535	1,46764346764
1,79	-1,93650793651	1,4822954823
1,792	-1,89255189255	1,49694749695
1,794	-1,85836385836	1,50183150183
1,796	-1,80463980464	1,52625152625
1,798	-1,76556776557	1,5409035409
1,8	-1,7264957265	1,5409035409
1,802	-1,67765567766	1,55555555556
1,804	-1,6336996337	1,57020757021
1,806	-1,59462759463	1,57509157509
1,808	-1,55555555556	1,58485958486
1,81	-1,49694749695	1,60927960928
1,812	-1,46764346764	1,61416361416
1,814	-1,42368742369	1,62393162393
1,816	-1,36507936508	1,63858363858
1,818	-1,33577533578	1,64835164835
1,82	-1,2967032967	1,65811965812
1,822	-1,24297924298	1,66788766789
1,824	-1,19413919414	1,68253968254
1,826	-1,15995115995	1,69230769231
1,828	-1,11111111111	1,70695970696
1,83	-1,06227106227	1,71184371184
1,832	-1,02808302808	1,72161172161
1,834	-0,979242979243	1,73626373626
1,836	-0,930402930403	1,74603174603
1,838	-0,896214896215	1,7557997558
1,84	-0,847374847375	1,75091575092
1,842	-0,793650793651	1,78021978022
1,844	-0,749694749695	1,7851037851
1,846	-0,710622710623	1,78998778999
1,848	-0,661782661783	1,80463980464
1,85	-0,612942612943	1,81929181929
1,852	-0,578754578755	1,81440781441
1,854	-0,525030525031	1,82905982906
1,856	-0,485958485958	1,83882783883
1,858	-0,437118437118	1,84371184371
1,86	-0,393162393162	1,85347985348
1,862	-0,344322344322	1,86813186813
1,864	-0,295482295482	1,86813186813
1,866	-0,25641025641	1,88278388278
1,868	-0,212454212454	1,88766788767
1,87	-0,15873015873	1,9072039072
1,872	-0,114774114774	1,9072039072
1,874	-0,0659340659341	1,91697191697
1,876	-0,021978021978	1,92673992674
1,878	0,01221001221	1,92673992674
1,88	0,0708180708181	1,93650793651
1,882	0,119658119658	1,94627594628
1,884	0,153846153846	1,94627594628
1,886	0,197802197802	1,95115995116
1,888	0,251526251526	1,96581196581
1,89	0,290598290598	1,9706959707
1,892	0,32967032967	1,96581196581
1,894	0,383394383394	1,98534798535
1,896	0,42735042735	1,99511599512
1,898	0,466422466422	1,98534798535
1,9	0,520146520147	2
1,902	0,573870573871	2,00976800977
1,904	0,608058608059	2,00976800977
1,906	0,652014652015	2,01465201465
1,908	0,700854700855	2,0293040293
1,91	0,739926739927	2,0293040293
1,912	0,788766788767	2,0293040293
1,914	0,842490842491	2,04884004884
1,916	0,886446886447	2,04395604396
1,918	0,925518925519	2,04395604396
1,92	0,979242979243	2,06349206349
1,922	1,01831501832	2,05860805861
1,924	1,06715506716	2,05372405372
1,926	1,115995116	2,06837606838
1,928	1,16483516484	2,07814407814
1,93	1,20390720391	2,07814407814
1,932	1,25274725275	2,08302808303
1,934	1,30647130647	2,08302808303
1,936	1,34065934066	2,08791208791
1,938	1,37973137973	2,0927960928
1,94	1,43345543346	2,10256410256
1,942	1,46764346764	2,09768009768
1,944	1,52136752137	2,09768009768
1,946	1,56532356532	2,10256410256
1,948	1,61416361416	2,10256410256
1,95	1,65323565324	2,10744810745
1,952	1,71184371184	2,11233211233
1,954	1,75091575092	2,1221001221
1,956	1,78998778999	2,1221001221
1,958	1,84371184371	2,12698412698
1,96	1,88278388278	2,13186813187
1,962	1,92673992674	2,12698412698
1,964	1,96092796093	2,13186813187
1,966	2,01465201465	2,13675213675
1,968	2,05860805861	2,13186813187
1,97	2,09768009768	2,13186813187
1,972	2,14652014652	2,13675213675
1,974	2,19536019536	2,14652014652
1,976	2,22954822955	2,13675213675
1,978	2,28327228327	2,14163614164
1,98	2,32722832723	2,1514041514
1,982	2,3663003663	2,13675213675
1,984	2,41025641026	2,14652014652
1,986	2,45421245421	2,14652014652
1,988	2,49816849817	2,14163614164
1,99	2,54212454212	2,14163614164
1,992	2,58608058608	2,14163614164
1,994	2,62026862027	2,1514041514
1,996	2,65934065934	2,14652014652
1,998	2,71794871795	2,1514041514
2	2,74725274725	2,1514041514
2,002	2,79609279609	2,14163614164
2,004	2,83516483516	2,14652014652
2,006	2,87912087912	2,1514041514
2,008	2,91330891331	2,13675213675
2,01	2,97191697192	2,14652014652
2,012	3,00610500611	2,14163614164
2,014	3,04517704518	2,14163614164
2,016	3,09401709402	2,13186813187
2,018	3,13308913309	2,13675213675
2,02	3,16727716728	2,13675213675
2,022	3,20146520147	2,13186813187
2,024	3,25030525031	2,13186813187
2,026	3,29426129426	2,13675213675
2,028	3,32356532357	2,13186813187
2,03	3,37728937729	2,13186813187
2,032	3,41147741148	2,13186813187
2,034	3,45054945055	2,12698412698
2,036	3,49450549451	2,1221001221
2,038	3,53357753358	2,1221001221
2,04	3,57753357753	2,11721611722
2,042	3,60683760684	2,10744810745
2,044	3,65567765568	2,11233211233
2,046	3,69474969475	2,10744810745
2,048	3,71916971917	2,09768009768
2,05	3,76312576313	2,09768009768
2,052	3,80708180708	2,09768009768
2,054	3,8315018315	2,08791208791
2,056	3,88034188034	2,0927960928
2,058	3,91941391941	2,0927960928
2,06	3,94871794872	2,07814407814
2,062	3,97802197802	2,07814407814
2,064	4,02686202686	2,08302808303
2,066	4,05616605617	2,05860805861
2,068	4,09523809524	2,06349206349
2,07	4,13919413919	2,05860805861
2,072	4,1684981685	2,05860805861
2,074	4,20268620269	2,04395604396
2,076	4,25152625153	2,04395604396
2,078	4,2905982906	2,03907203907
2,08	4,31013431013	2,02442002442
2,082	4,34920634921	2,0293040293
2,084	4,38339438339	2,02442002442
2,086	4,40781440781	2,01465201465
2,088	4,43711843712	2,00488400488
2,09	4,48595848596	2,00488400488
2,092	4,51526251526	1,99511599512
2,094	4,54945054945	1,99023199023
2,096	4,58852258852	1,98534798535
2,098	4,61782661783	1,97557997558
2,1	4,64224664225	1,97557997558
2,102	4,6862026862	1,96581196581
2,104	4,72039072039	1,96092796093
2,106	4,73992673993	1,94627594628
2,108	4,778998779	1,95115995116
2,11	4,8083028083	1,94139194139
2,112	4,84249084249	1,92185592186
2,114	4,87667887668	1,91697191697
2,116	4,90598290598	1,92185592186
2,118	4,93528693529	1,91208791209
2,12	4,94993894994	1,89255189255
2,122	4,99877899878	1,89743589744
2,124	5,0231990232	1,88766788767
2,126	5,04273504274	1,86813186813
2,128	5,08669108669	1,87301587302
2,13	5,11111111111	1,86813186813
2,132	5,13553113553	1,8485958486
2,134	5,16483516484	1,8485958486
2,136	5,19902319902	1,84371184371
2,138	5,22344322344	1,82905982906
2,14	5,24786324786	1,80952380952
2,142	5,27716727717	1,81440781441
2,144	5,30647130647	1,79975579976
2,146	5,32112332112	1,78998778999
2,148	5,36507936508	1,7851037851
2,15	5,39438339438	1,77533577534
2,152	5,40903540904	1,76068376068
2,154	5,43833943834	1,7557997558
2,156	5,46764346764	1,75091575092
2,158	5,47741147741	1,73626373626
2,16	5,50671550672	1,73137973138
2,162	5,5409035409	1,72161172161
2,164	5,55555555556	1,70695970696
2,166	5,58974358974	1,69719169719
2,168	5,60927960928	1,68742368742
2,17	5,62393162393	1,67277167277
2,172	5,64835164835	1,663003663
2,174	5,67277167277	1,65811965812
2,176	5,69230769231	1,64835164835
2,178	5,70695970696	1,62393162393
2,18	5,73626373626	1,62393162393
2,182	5,76068376068	1,61416361416
2,184	5,77045177045	1,59951159951
2,186	5,79487179487	1,58485958486
2,188	5,81440781441	1,57020757021
2,19	5,83394383394	1,56043956044
2,192	5,8485958486	1,53601953602
2,194	5,8778998779	1,53601953602
2,196	5,89255189255	1,52625152625
2,198	5,90231990232	1,50671550672
2,2	5,93162393162	1,50183150183
2,202	5,94139194139	1,48717948718
2,204	5,95604395604	1,47252747253
2,206	5,9706959707	1,45787545788
2,208	5,99511599512	1,45787545788
2,21	6,00488400488	1,43345543346
2,212	6,01953601954	1,42368742369
2,214	6,03907203907	1,40903540904
2,216	6,04884004884	1,39438339438
2,218	6,06837606838	1,37484737485
2,22	6,07814407814	1,36507936508
2,222	6,08791208791	1,35531135531
2,224	6,10256410256	1,34065934066
2,226	6,11721611722	1,32600732601
2,228	6,13675213675	1,32112332112
2,23	6,14163614164	1,2967032967
2,232	6,15628815629	1,28205128205
2,234	6,16605616606	1,28205128205
2,236	6,17094017094	1,25274725275
2,238	6,18559218559	1,24297924298
2,24	6,20024420024	1,22344322344
2,242	6,20512820513	1,21367521368
2,244	6,22466422466	1,20879120879
2,246	6,22954822955	1,18925518926
2,248	6,22954822955	1,16971916972
2,25	6,23931623932	1,14041514042
2,252	6,24908424908	1,14041514042
2,254	6,26862026862	1,13064713065
2,256	6,25885225885	1,10622710623
2,258	6,2735042735	1,09645909646
2,26	6,28327228327	1,08180708181
2,262	6,28327228327	1,06227106227
2,264	6,29304029304	1,04273504274
2,266	6,29792429792	1,04273504274
2,268	6,30280830281	1,01831501832
2,27	6,29792429792	0,998778998779
2,272	6,32234432234	0,989010989011
2,274	6,30769230769	0,974358974359
2,276	6,31746031746	0,954822954823
2,278	6,32722832723	0,945054945055
2,28	6,33211233211	0,940170940171
2,282	6,32722832723	0,905982905983
2,284	6,34188034188	0,901098901099
2,286	6,34188034188	0,886446886447
2,288	6,34188034188	0,866910866911
2,29	6,34188034188	0,852258852259
2,292	6,35653235653	0,842490842491
2,294	6,34188034188	0,822954822955
2,296	6,336996337	0,798534798535
2,298	6,34188034188	0,788766788767
2,3	6,336996337	0,774114774115
2,302	6,32722832723	0,749694749695
2,304	6,33211233211	0,735042735043
2,306	6,32722832723	0,715506715507
2,308	6,32722832723	0,695970695971
2,31	6,32722832723	0,686202686203
2,312	6,32722832723	0,666666666667
2,314	6,31257631258	0,647130647131
2,316	6,31257631258	0,627594627595
2,318	6,30769230769	0,622710622711
2,32	6,29792429792	0,593406593407
2,322	6,29792429792	0,578754578755
2,324	6,29304029304	0,568986568987
2,326	6,28815628816	0,549450549451
2,328	6,27838827839	0,525030525031
2,33	6,27838827839	0,515262515263
2,332	6,27838827839	0,495726495726
2,334	6,25396825397	0,47619047619
2,336	6,25885225885	0,461538461538
2,338	6,25885225885	0,446886446886
2,34	6,23443223443	0,432234432234
2,342	6,22954822955	0,417582417582
2,344	6,22466422466	0,393162393162
2,346	6,2148962149	0,37851037851
2,348	6,20024420024	0,363858363858
2,35	6,19047619048	0,349206349206
2,352	6,18559218559	0,32967032967
2,354	6,16605616606	0,310134310134
2,356	6,16605616606	0,295482295482
2,358	6,15628815629	0,28083028083
2,36	6,14163614164	0,261294261294
2,362	6,12698412698	0,246642246642
2,364	6,11721611722	0,236874236874
2,366	6,10744810745	0,217338217338
2,368	6,08791208791	0,188034188034
2,37	6,08302808303	0,18315018315
2,372	6,06349206349	0,163614163614
2,374	6,04395604396	0,144078144078
2,376	6,03907203907	0,129426129426
2,378	6,02442002442	0,10989010989
2,38	6,00488400488	0,0903540903541
2,382	6	0,0805860805861
2,384	5,98534798535	0,0659340659341
2,386	5,95604395604	0,03663003663
2,388	5,95115995116	0,026862026862
2,39	5,93650793651	0,01221001221
2,392	5,91208791209	-0,00732600732601
2,394	5,9072039072	-0,026862026862
2,396	5,88278388278	-0,03663003663
2,398	5,86324786325	-0,0561660561661
2,4	5,84371184371	-0,0757020757021
2,402	5,82417582418	-0,0854700854701
2,404	5,80952380952	-0,114774114774
2,406	5,7851037851	-0,129426129426
2,408	5,77045177045	-0,139194139194
2,41	5,7557997558	-0,153846153846
2,412	5,73137973138	-0,178266178266
2,414	5,71184371184	-0,192918192918
2,416	5,69719169719	-0,20757020757
2,418	5,663003663	-0,23199023199
2,42	5,64835164835	-0,246642246642
2,422	5,62881562882	-0,25641025641
2,424	5,6043956044	-0,275946275946
2,426	5,57020757021	-0,300366300366
2,428	5,56532356532	-0,30525030525
2,43	5,54578754579	-0,315018315018
2,432	5,50183150183	-0,339438339438
2,434	5,49206349206	-0,358974358974
2,436	5,47252747253	-0,368742368742
2,438	5,43833943834	-0,388278388278
2,44	5,42368742369	-0,407814407814
2,442	5,3894993895	-0,417582417582
2,444	5,36507936508	-0,437118437118
2,446	5,33577533578	-0,461538461538
2,448	5,32600732601	-0,471306471306
2,45	5,28693528694	-0,485958485958
2,452	5,25763125763	-0,510378510379
2,454	5,24297924298	-0,520146520147
2,456	5,21367521368	-0,529914529915
2,458	5,18437118437	-0,554334554335
2,46	5,15995115995	-0,568986568987
2,462	5,14041514042	-0,578754578755
2,464	5,09645909646	-0,608058608059
2,466	5,07203907204	-0,617826617827
2,468	5,04761904762	-0,632478632479
2,47	5,01831501832	-0,652014652015
2,472	4,97924297924	-0,676434676435
2,474	4,95970695971	-0,681318681319
2,476	4,9304029304	-0,695970695971
2,478	4,89621489621	-0,720390720391
2,48	4,87667887668	-0,725274725275
2,482	4,84737484737	-0,739926739927
2,484	4,81318681319	-0,764346764347
2,486	4,78388278388	-0,774114774115
2,488	4,74969474969	-0,788766788767
2,49	4,71550671551	-0,813186813187
2,492	4,69108669109	-0,818070818071
2,494	4,6568986569	-0,837606837607
2,496	4,62759462759	-0,852258852259
2,498	4,59829059829	-0,876678876679
2,5	4,56898656899	-0,876678876679
2,502	4,52991452991	-0,896214896215
2,504	4,48595848596	-0,915750915751
2,506	4,46642246642	-0,925518925519
2,508	4,43711843712	-0,935286935287
2,51	4,39316239316	-0,954822954823
2,512	4,36874236874	-0,969474969475
2,514	4,33455433455	-0,984126984127
2,516	4,29548229548	-0,993894993895
2,518	4,26617826618	-1,01343101343
2,52	4,23687423687	-1,01831501832
2,522	4,19291819292	-1,03785103785
2,524	4,16361416361	-1,05738705739
2,526	4,13431013431	-1,06715506716
2,528	4,09523809524	-1,08180708181
2,53	4,05616605617	-1,09645909646
2,532	4,02686202686	-1,11111111111
2,534	3,99267399267	-1,115995116
2,536	3,9536019536	-1,13064713065
2,538	3,91452991453	-1,15018315018
2,54	3,88034188034	-1,15506715507
2,542	3,83638583639	-1,17948717949
2,544	3,81196581197	-1,18925518926
2,546	3,77289377289	-1,19902319902
2,548	3,73382173382	-1,21367521368
2,55	3,68986568987	-1,22832722833
2,552	3,66544566545	-1,2380952381
2,554	3,62148962149	-1,25274725275
2,556	3,58241758242	-1,2673992674
2,558	3,55311355311	-1,27716727717
2,56	3,50915750916	-1,28693528694
2,562	3,47008547009	-1,31135531136
2,564	3,43101343101	-1,31623931624
2,566	3,39682539683	-1,32600732601
2,568	3,35286935287	-1,34554334554
2,57	3,31868131868	-1,35531135531
2,572	3,28449328449	-1,3601953602
2,574	3,23565323565	-1,37973137973
2,576	3,1916971917	-1,3894993895
2,578	3,16727716728	-1,39926739927
2,58	3,12332112332	-1,40903540904
2,582	3,07936507937	-1,42857142857
2,584	3,04517704518	-1,43345543346
2,586	3,00122100122	-1,44322344322
2,588	2,95726495726	-1,46275946276
2,59	2,92307692308	-1,47741147741
2,592	2,88888888889	-1,47741147741
2,594	2,84004884005	-1,49206349206
2,596	2,80097680098	-1,5115995116
2,598	2,7619047619	-1,5115995116
2,6	2,71794871795	-1,52625152625
2,602	2,66910866911	-1,54578754579
2,604	2,63492063492	-1,55067155067
2,606	2,59096459096	-1,56043956044
2,608	2,55189255189	-1,57997557998
2,61	2,50793650794	-1,57997557998
2,612	2,47863247863	-1,58974358974
2,614	2,42979242979	-1,6043956044
2,616	2,38583638584	-1,6043956044
2,618	2,35164835165	-1,61904761905
2,62	2,29792429792	-1,6336996337
2,622	2,25885225885	-1,64835164835
2,624	2,21978021978	-1,64835164835
2,626	2,17094017094	-1,65811965812
2,628	2,1221001221	-1,67277167277
2,63	2,09768009768	-1,67765567766
2,632	2,05860805861	-1,68742368742
2,634	2,00488400488	-1,70207570208
2,636	1,96581196581	-1,70695970696
2,638	1,93162393162	-1,70695970696
2,64	1,8778998779	-1,72161172161
2,642	1,84371184371	-1,73137973138
2,644	1,79487179487	-1,74114774115
2,646	1,74603174603	-1,75091575092
2,648	1,70207570208	-1,76556776557
2,65	1,66788766789	-1,77045177045
2,652	1,61904761905	-1,78021978022
2,654	1,57020757021	-1,7851037851
2,656	1,53113553114	-1,78998778999
2,658	1,49694749695	-1,79487179487
2,66	1,43833943834	-1,81440781441
2,662	1,39926739927	-1,81929181929
2,664	1,36507936508	-1,81929181929
2,666	1,31135531136	-1,83394383394
2,668	1,2673992674	-1,84371184371
2,67	1,23321123321	-1,84371184371
2,672	1,18437118437	-1,85347985348
2,674	1,14041514042	-1,86324786325
2,676	1,09645909646	-1,86813186813
2,678	1,06227106227	-1,86813186813
2,68	1,00366300366	-1,88278388278
2,682	0,969474969475	-1,88766788767
2,684	0,925518925519	-1,88766788767
2,686	0,871794871795	-1,9072039072
2,688	0,832722832723	-1,91208791209
2,69	0,798534798535	-1,91208791209
2,692	0,749694749695	-1,92185592186
2,694	0,705738705739	-1,93162393162
2,696	0,666666666667	-1,92673992674
2,698	0,617826617827	-1,93650793651
2,7	0,559218559219	-1,95115995116
2,702	0,534798534799	-1,95115995116
2,704	0,485958485958	-1,96092796093
2,706	0,432234432234	-1,9706959707
2,708	0,393162393162	-1,96581196581
2,71	0,35409035409	-1,9706959707
2,712	0,300366300366	-1,98046398046
2,714	0,266178266178	-1,97557997558
2,716	0,222222222222	-1,98046398046
2,718	0,173382173382	-1,99023199023
2,72	0,13431013431	-1,99511599512
2,722	0,0903540903541	-2,00488400488
2,724	0,046398046398	-2,00976800977
2,726	-0,002442002442	-2,01465201465
2,728	-0,041514041514	-2,00976800977
2,73	-0,0854700854701	-2,01465201465
2,732	-0,144078144078	-2,0293040293
2,734	-0,173382173382	-2,01953601954
2,736	-0,212454212454	-2,0293040293
2,738	-0,271062271062	-2,04395604396
2,74	-0,30525030525	-2,03907203907
2,742	-0,344322344322	-2,03907203907
2,744	-0,398046398046	-2,04884004884
2,746	-0,437118437118	-2,04395604396
2,748	-0,47619047619	-2,04884004884
2,75	-0,525030525031	-2,05860805861
2,752	-0,578754578755	-2,06349206349
2,754	-0,608058608059	-2,05860805861
2,756	-0,656898656899	-2,06349206349
2,758	-0,695970695971	-2,07326007326
2,76	-0,744810744811	-2,06349206349
2,762	-0,788766788767	-2,06837606838
2,764	-0,837606837607	-2,07814407814
2,766	-0,871794871795	-2,07814407814
2,768	-0,905982905983	-2,07814407814
2,77	-0,959706959707	-2,08791208791
2,772	-0,998778998779	-2,07814407814
2,774	-1,03785103785	-2,08302808303
2,776	-1,09157509158	-2,08791208791
2,778	-1,12576312576	-2,09768009768
2,78	-1,16971916972	-2,08302808303
2,782	-1,21855921856	-2,08302808303
2,784	-1,2673992674	-2,09768009768
2,786	-1,30158730159	-2,09768009768
2,788	-1,34554334554	-2,09768009768
2,79	-1,38461538462	-2,09768009768
2,792	-1,42368742369	-2,0927960928
2,794	-1,46764346764	-2,08791208791
2,796	-1,5115995116	-2,10256410256
2,798	-1,55067155067	-2,09768009768
2,8	-1,58974358974	-2,09768009768
2,802	-1,63858363858	-2,09768009768
2,804	-1,67277167277	-2,10256410256
2,806	-1,72161172161	-2,09768009768
2,808	-1,76068376068	-2,10256410256
2,81	-1,79975579976	-2,10744810745
2,812	-1,83882783883	-2,09768009768
2,814	-1,87301587302	-2,09768009768
2,816	-1,92185592186	-2,10256410256
2,818	-1,96092796093	-2,0927960928
2,82	-2	-2,0927960928
2,822	-2,04884004884	-2,09768009768
2,824	-2,08791208791	-2,0927960928
2,826	-2,11721611722	-2,0927960928
2,828	-2,16605616606	-2,0927960928
2,83	-2,2148962149	-2,0927960928
2,832	-2,2442002442	-2,08302808303
2,834	-2,28327228327	-2,08791208791
2,836	-2,32722832723	-2,0927960928
2,838	-2,35653235653	-2,07814407814
2,84	-2,40048840049	-2,07814407814
2,842	-2,44444444444	-2,07814407814
2,844	-2,47863247863	-2,07814407814
2,846	-2,51282051282	-2,07326007326
2,848	-2,55677655678	-2,07814407814
2,85	-2,59584859585	-2,07326007326
2,852	-2,63492063492	-2,06349206349
2,854	-2,66910866911	-2,06837606838
2,856	-2,71306471306	-2,07326007326
2,858	-2,74236874237	-2,05860805861
2,86	-2,78144078144	-2,04884004884
2,862	-2,82051282051	-2,04884004884
2,864	-2,8547008547	-2,04884004884
2,866	-2,89377289377	-2,04395604396
2,868	-2,93284493284	-2,04395604396
2,87	-2,96214896215	-2,03418803419
2,872	-2,99145299145	-2,0293040293
2,874	-3,03540903541	-2,0293040293
2,876	-3,0695970696	-2,02442002442
2,878	-3,10378510379	-2,01465201465
2,88	-3,13797313797	-2,00976800977
2,882	-3,17216117216	-2,01465201465
2,884	-3,20634920635	-2,00488400488
2,886	-3,24542124542	-1,99511599512
2,888	-3,28449328449	-2
2,89	-3,30891330891	-1,99023199023
2,892	-3,33821733822	-1,98534798535
2,894	-3,38217338217	-1,98046398046
2,896	-3,40659340659	-1,9706959707
2,898	-3,4358974359	-1,96092796093
2,9	-3,48473748474	-1,96581196581
2,902	-3,50915750916	-1,95604395604
2,904	-3,53846153846	-1,94139194139
2,906	-3,57753357753	-1,94627594628
2,908	-3,61172161172	-1,93162393162
2,91	-3,63125763126	-1,92673992674
2,912	-3,67521367521	-1,93162393162
2,914	-3,70451770452	-1,92185592186
2,916	-3,72893772894	-1,91208791209
2,918	-3,76312576313	-1,90231990232
2,92	-3,79731379731	-1,90231990232
2,922	-3,81684981685	-1,89255189255
2,924	-3,84615384615	-1,8778998779
2,926	-3,88522588523	-1,8778998779
2,928	-3,91452991453	-1,86813186813
2,93	-3,93406593407	-1,85836385836
2,932	-3,97313797314	-1,85347985348
2,934	-3,99755799756	-1,85347985348
2,936	-4,02686202686	-1,83394383394
2,938	-4,05616605617	-1,83394383394
2,94	-4,09035409035	-1,82905982906
2,942	-4,10989010989	-1,80463980464
2,944	-4,13919413919	-1,80952380952
2,946	-4,1684981685	-1,80463980464
2,948	-4,18803418803	-1,7851037851
2,95	-4,21245421245	-1,77045177045
2,952	-4,24664224664	-1,77045177045
2,954	-4,26617826618	-1,76068376068
2,956	-4,2905982906	-1,75091575092
2,958	-4,3199023199	-1,74603174603
2,96	-4,34432234432	-1,73626373626
2,962	-4,36385836386	-1,72161172161
2,964	-4,39316239316	-1,71672771673
2,966	-4,42246642247	-1,71672771673
2,968	-4,43711843712	-1,69230769231
2,97	-4,45665445665	-1,68742368742
2,972	-4,49084249084	-1,67765567766
2,974	-4,51037851038	-1,663003663
2,976	-4,52991452991	-1,64835164835
2,978	-4,55921855922	-1,65323565324
2,98	-4,57387057387	-1,6336996337
2,982	-4,59829059829	-1,61904761905
2,984	-4,61782661783	-1,61904761905
2,986	-4,64224664225	-1,6043956044
2,988	-4,6568986569	-1,58974358974
2,99	-4,68131868132	-1,57997557998
2,992	-4,70573870574	-1,57509157509
2,994	-4,71550671551	-1,55555555556
2,996	-4,73504273504	-1,54578754579
2,998	-4,76434676435	-1,5409035409
3	-4,77411477411	-1,52625152625
3,002	-4,78876678877	-1,50671550672
3,004	-4,82295482295	-1,5115995116
3,006	-4,83272283272	-1,48717948718
3,008	-4,85225885226	-1,4822954823
3,01	-4,86691086691	-1,46275946276
3,012	-4,88156288156	-1,46275946276
3,014	-4,89133089133	-1,44322344322
3,016	-4,91086691087	-1,42857142857
3,018	-4,94017094017	-1,42368742369
3,02	-4,94017094017	-1,40903540904
3,022	-4,96459096459	-1,39438339438
3,024	-4,97924297924	-1,3894993895
3,026	-4,98901098901	-1,36996336996
3,028	-5,00366300366	-1,35042735043
3,03	-5,01343101343	-1,35042735043
3,032	-5,02808302808	-1,32600732601
3,034	-5,04273504274	-1,31623931624
3,036	-5,05738705739	-1,30647130647
3,038	-5,06715506716	-1,29181929182
3,04	-5,07692307692	-1,27228327228
3,042	-5,09157509158	-1,2673992674
3,044	-5,10622710623	-1,26251526252
3,046	-5,11111111111	-1,2380952381
3,048	-5,12576312576	-1,22832722833
3,05	-5,14041514042	-1,21367521368
3,052	-5,14041514042	-1,19413919414
3,054	-5,15018315018	-1,17948717949
3,056	-5,16971916972	-1,16971916972
3,058	-5,1746031746	-1,15995115995
3,06	-5,17948717949	-1,13553113553
3,062	-5,19413919414	-1,13553113553
3,064	-5,19902319902	-1,11111111111
3,066	-5,20390720391	-1,09645909646
3,068	-5,21855921856	-1,08180708181
3,07	-5,21855921856	-1,07203907204
3,072	-5,22344322344	-1,05738705739
3,074	-5,23321123321	-1,04273504274
3,076	-5,2380952381	-1,03296703297
3,078	-5,24297924298	-1,01831501832
3,08	-5,24786324786	-0,998778998779
3,082	-5,25763125763	-0,989010989011
3,084	-5,25763125763	-0,964590964591
3,086	-5,25763125763	-0,959706959707
3,088	-5,27228327228	-0,949938949939
3,09	-5,27228327228	-0,935286935287
3,092	-5,27716727717	-0,915750915751
3,094	-5,28693528694	-0,901098901099
3,096	-5,28693528694	-0,891330891331
3,098	-5,28205128205	-0,871794871795
3,1	-5,29181929182	-0,857142857143
3,102	-5,30158730159	-0,857142857143
3,104	-5,2967032967	-0,832722832723
3,106	-5,29181929182	-0,813186813187
3,108	-5,30158730159	-0,803418803419
3,11	-5,30158730159	-0,793650793651
3,112	-5,2967032967	-0,774114774115
3,114	-5,30158730159	-0,759462759463
3,116	-5,2967032967	-0,735042735043
3,118	-5,29181929182	-0,725274725275
3,12	-5,29181929182	-0,705738705739
3,122	-5,28693528694	-0,695970695971
3,124	-5,27716727717	-0,671550671551
3,126	-5,27716727717	-0,661782661783
3,128	-5,28205128205	-0,652014652015
3,13	-5,27228327228	-0,622710622711
3,132	-5,26251526252	-0,603174603175
3,134	-5,2673992674	-0,598290598291
3,136	-5,26251526252	-0,578754578755
3,138	-5,25274725275	-0,559218559219
3,14	-5,25763125763	-0,549450549451
3,142	-5,24297924298	-0,529914529915
3,144	-5,2380952381	-0,510378510379
3,146	-5,23321123321	-0,500610500611
3,148	-5,22344322344	-0,485958485958
3,15	-5,21367521368	-0,461538461538
3,152	-5,21367521368	-0,45177045177
3,154	-5,20879120879	-0,437118437118
3,156	-5,19413919414	-0,417582417582
3,158	-5,17948717949	-0,398046398046
3,16	-5,18437118437	-0,388278388278
3,162	-5,16483516484	-0,363858363858
3,164	-5,15506715507	-0,349206349206
3,166	-5,15506715507	-0,339438339438
3,168	-5,14041514042	-0,324786324786
3,17	-5,12087912088	-0,300366300366
3,172	-5,11111111111	-0,285714285714
3,174	-5,11111111111	-0,271062271062
3,176	-5,08669108669	-0,251526251526
3,178	-5,08180708181	-0,23199023199
3,18	-5,07203907204	-0,227106227106
3,182	-5,0525030525	-0,20757020757
3,184	-5,03785103785	-0,188034188034
3,186	-5,03785103785	-0,173382173382
3,188	-5,01343101343	-0,148962148962
3,19	-4,99389499389	-0,13431013431
3,192	-4,98901098901	-0,119658119658
3,194	-4,96459096459	-0,105006105006
3,196	-4,94505494505	-0,0757020757021
3,198	-4,94017094017	-0,0610500610501
3,2	-4,9304029304	-0,0512820512821
3,202	-4,9010989011	-0,026862026862
3,204	-4,88644688645	-0,017094017094
3,206	-4,87667887668	0,002442002442
3,208	-4,85225885226	0,021978021978
3,21	-4,83272283272	0,041514041514
3,212	-4,82295482295	0,0512820512821
3,214	-4,80341880342	0,0708180708181
3,216	-4,778998779	0,0903540903541
3,218	-4,76434676435	0,10989010989
3,22	-4,73992673993	0,124542124542
3,222	-4,71550671551	0,144078144078
3,224	-4,70573870574	0,148962148962
3,226	-4,68131868132	0,163614163614
3,228	-4,6568986569	0,188034188034
3,23	-4,63736263736	0,212454212454
3,232	-4,62271062271	0,222222222222
3,234	-4,59340659341	0,236874236874
3,236	-4,5641025641	0,266178266178
3,238	-4,54945054945	0,275946275946
3,24	-4,52503052503	0,295482295482
3,242	-4,50061050061	0,315018315018
3,244	-4,48107448107	0,324786324786
3,246	-4,45177045177	0,349206349206
3,248	-4,42246642247	0,363858363858
3,25	-4,40781440781	0,383394383394
3,252	-4,38339438339	0,393162393162
3,254	-4,35409035409	0,417582417582
3,256	-4,32478632479	0,437118437118
3,258	-4,30036630037	0,45177045177
3,26	-4,27106227106	0,466422466422
3,262	-4,24664224664	0,490842490842
3,264	-4,22710622711	0,495726495726
3,266	-4,1978021978	0,515262515263
3,268	-4,1684981685	0,539682539683
3,27	-4,13431013431	0,549450549451
3,272	-4,10989010989	0,568986568987
3,274	-4,0757020757	0,588522588523
3,276	-4,05128205128	0,608058608059
3,278	-4,03174603175	0,612942612943
3,28	-3,98778998779	0,642246642247
3,282	-3,96336996337	0,652014652015
3,284	-3,93894993895	0,666666666667
3,286	-3,89987789988	0,686202686203
3,288	-3,87545787546	0,705738705739
3,29	-3,84615384615	0,715506715507
3,292	-3,80708180708	0,739926739927
3,294	-3,77777777778	0,764346764347
3,296	-3,74847374847	0,774114774115
3,298	-3,71428571429	0,788766788767
3,3	-3,67521367521	0,803418803419
3,302	-3,65079365079	0,818070818071
3,304	-3,61660561661	0,832722832723
3,306	-3,58241758242	0,852258852259
3,308	-3,54822954823	0,871794871795
3,31	-3,51892551893	0,871794871795
3,312	-3,48473748474	0,905982905983
3,314	-3,44566544567	0,925518925519
3,316	-3,42124542125	0,925518925519
3,318	-3,37240537241	0,954822954823
3,32	-3,33821733822	0,969474969475
3,322	-3,3137973138	0,979242979243
3,324	-3,27472527473	0,989010989011
3,326	-3,23076923077	1,01343101343
3,328	-3,20146520147	1,01831501832
3,33	-3,17216117216	1,04273504274
3,332	-3,12332112332	1,0525030525
3,334	-3,09401709402	1,06715506716
3,336	-3,05982905983	1,08180708181
3,338	-3,01587301587	1,10622710623
3,34	-2,98168498168	1,115995116
3,342	-2,95238095238	1,12087912088
3,344	-2,90842490842	1,1452991453
3,346	-2,86446886447	1,16483516484
3,348	-2,83516483516	1,1746031746
3,35	-2,78632478632	1,18925518926
3,352	-2,75213675214	1,20390720391
3,354	-2,71794871795	1,21855921856
3,356	-2,67399267399	1,21855921856
3,358	-2,63003663004	1,25274725275
3,36	-2,59584859585	1,2673992674
3,362	-2,55677655678	1,27228327228
3,364	-2,5177045177	1,29181929182
3,366	-2,47863247863	1,30158730159
3,368	-2,44444444444	1,31623931624
3,37	-2,3956043956	1,33089133089
3,372	-2,35164835165	1,35042735043
3,374	-2,31746031746	1,3601953602
3,376	-2,26862026862	1,37973137973
3,378	-2,22954822955	1,3894993895
3,38	-2,20024420024	1,40415140415
3,382	-2,1514041514	1,41391941392
3,384	-2,11233211233	1,42857142857
3,386	-2,07326007326	1,43833943834
3,388	-2,0293040293	1,44322344322
3,39	-1,98534798535	1,46764346764
3,392	-1,94139194139	1,4822954823
3,394	-1,9072039072	1,49206349206
3,396	-1,85836385836	1,50671550672
3,398	-1,80463980464	1,52136752137
3,4	-1,77533577534	1,53113553114
3,402	-1,7264957265	1,53601953602
3,404	-1,68742368742	1,56043956044
3,406	-1,64835164835	1,56532356532
3,408	-1,60927960928	1,57509157509
3,41	-1,55555555556	1,59462759463
3,412	-1,51648351648	1,59951159951
3,414	-1,46764346764	1,61416361416
3,416	-1,42368742369	1,62881562882
3,418	-1,37973137973	1,64346764347
3,42	-1,34065934066	1,64346764347
3,422	-1,28693528694	1,66788766789
3,424	-1,24786324786	1,67277167277
3,426	-1,20879120879	1,67765567766
3,428	-1,15995115995	1,69230769231
3,43	-1,11111111111	1,70695970696
3,432	-1,07692307692	1,71184371184
3,434	-1,02808302808	1,71672771673
3,436	-0,979242979243	1,73626373626
3,438	-0,940170940171	1,74114774115
3,44	-0,901098901099	1,75091575092
3,442	-0,852258852259	1,76068376068
3,444	-0,803418803419	1,77045177045
3,446	-0,764346764347	1,77533577534
3,448	-0,715506715507	1,78998778999
3,45	-0,671550671551	1,80952380952
3,452	-0,632478632479	1,80463980464
3,454	-0,578754578755	1,81440781441
3,456	-0,529914529915	1,82905982906
3,458	-0,490842490842	1,83394383394
3,46	-0,446886446886	1,83882783883
3,462	-0,398046398046	1,85836385836
3,464	-0,349206349206	1,86324786325
3,466	-0,315018315018	1,85836385836
3,468	-0,25641025641	1,88278388278
3,47	-0,222222222222	1,88766788767
3,472	-0,173382173382	1,88766788767
3,474	-0,124542124542	1,9072039072
3,476	-0,0757020757021	1,91697191697
3,478	-0,031746031746	1,91697191697
3,48	0,01221001221	1,92673992674
3,482	0,0610500610501	1,94139194139
3,484	0,100122100122	1,94139194139
3,486	0,144078144078	1,94627594628
3,488	0,197802197802	1,96581196581
3,49	0,236874236874	1,95604395604
3,492	0,28083028083	1,96581196581
3,494	0,334554334554	1,9706959707
3,496	0,383394383394	1,99023199023
3,498	0,412698412698	1,98534798535
3,5	0,471306471306	1,99511599512
3,502	0,520146520147	2,00488400488
3,504	0,559218559219	2
3,506	0,603174603175	2,01465201465
3,508	0,656898656899	2,01465201465
3,51	0,695970695971	2,01953601954
3,512	0,735042735043	2,01953601954
3,514	0,798534798535	2,03418803419
3,516	0,842490842491	2,03418803419
3,518	0,876678876679	2,03907203907
3,52	0,930402930403	2,04884004884
3,522	0,969474969475	2,06349206349
3,524	1,01343101343	2,05372405372
3,526	1,06227106227	2,05860805861
3,528	1,11111111111	2,07326007326
3,53	1,15506715507	2,06837606838
3,532	1,20390720391	2,07814407814
3,534	1,24297924298	2,08302808303
3,536	1,29181929182	2,08302808303
3,538	1,33577533578	2,08302808303
3,54	1,3894993895	2,09768009768
3,542	1,42857142857	2,0927960928
3,544	1,46275946276	2,0927960928
3,546	1,52136752137	2,10744810745
3,548	1,56532356532	2,10744810745
3,55	1,59951159951	2,10256410256
3,552	1,64835164835	2,11721611722
3,554	1,69230769231	2,11233211233
3,556	1,73626373626	2,1221001221
3,558	1,7851037851	2,11721611722
3,56	1,83394383394	2,13186813187
3,562	1,86813186813	2,1221001221
3,564	1,92185592186	2,12698412698
3,566	1,9706959707	2,13675213675
3,568	2,00488400488	2,12698412698
3,57	2,04395604396	2,12698412698
3,572	2,09768009768	2,13186813187
3,574	2,14652014652	2,14163614164
3,576	2,18070818071	2,13675213675
3,578	2,22954822955	2,14652014652
3,58	2,2735042735	2,14652014652
3,582	2,31746031746	2,14163614164
3,584	2,36141636142	2,14163614164
3,586	2,40537240537	2,14652014652
3,588	2,43956043956	2,14652014652
3,59	2,4884004884	2,14163614164
3,592	2,53235653236	2,14652014652
3,594	2,57142857143	2,14652014652
3,596	2,6105006105	2,14652014652
3,598	2,66422466422	2,1514041514
3,6	2,70818070818	2,1514041514
3,602	2,73748473748	2,14652014652
3,604	2,78632478632	2,14163614164
3,606	2,83516483516	2,14163614164
3,608	2,86446886447	2,14652014652
3,61	2,91819291819	2,14652014652
3,612	2,96214896215	2,14652014652
3,614	2,99633699634	2,14652014652
3,616	3,03052503053	2,13186813187
3,618	3,08424908425	2,14163614164
3,62	3,12332112332	2,13675213675
3,622	3,15750915751	2,13186813187
3,624	3,20146520147	2,13186813187
3,626	3,24542124542	2,14163614164
3,628	3,27960927961	2,13186813187
3,63	3,32844932845	2,13186813187
3,632	3,37240537241	2,13675213675
3,634	3,40170940171	2,1221001221
3,636	3,44566544567	2,12698412698
3,638	3,48473748474	2,12698412698
3,64	3,51892551893	2,11721611722
3,642	3,56288156288	2,10744810745
3,644	3,60195360195	2,11721611722
3,646	3,64102564103	2,11233211233
3,648	3,67032967033	2,11233211233
3,65	3,72405372405	2,10744810745
3,652	3,75824175824	2,10744810745
3,654	3,79242979243	2,0927960928
3,656	3,83638583639	2,09768009768
3,658	3,87545787546	2,0927960928
3,66	3,90476190476	2,08791208791
3,662	3,94871794872	2,08302808303
3,664	3,98778998779	2,07814407814
3,666	4,01709401709	2,06837606838
3,668	4,06105006105	2,06837606838
3,67	4,10012210012	2,06837606838
3,672	4,12942612943	2,05860805861
3,674	4,15873015873	2,04884004884
3,676	4,20268620269	2,05372405372
3,678	4,24175824176	2,05372405372
3,68	4,26617826618	2,03907203907
3,682	4,30525030525	2,0293040293
3,684	4,33943833944	2,0293040293
3,686	4,36874236874	2,01953601954
3,688	4,4126984127	2,00488400488
3,69	4,442002442	2,01465201465
3,692	4,48107448107	2,00488400488
3,694	4,50061050061	1,99511599512
3,696	4,55433455433	1,99511599512
3,698	4,58363858364	1,98534798535
3,7	4,61294261294	1,97557997558
3,702	4,64713064713	1,97557997558
3,704	4,67643467643	1,97557997558
3,706	4,70573870574	1,95604395604
3,708	4,73992673993	1,95115995116
3,71	4,778998779	1,95115995116
3,712	4,8083028083	1,94139194139
3,714	4,83760683761	1,92673992674
3,716	4,86691086691	1,92673992674
3,718	4,89621489621	1,92185592186
3,72	4,92551892552	1,9072039072
3,722	4,95970695971	1,90231990232
3,724	4,98901098901	1,89743589744
3,726	5,01343101343	1,88278388278
3,728	5,04761904762	1,88278388278
3,73	5,08180708181	1,87301587302
3,732	5,10622710623	1,85836385836
3,734	5,14041514042	1,85836385836
3,736	5,16971916972	1,8485958486
3,738	5,19413919414	1,83394383394
3,74	5,21855921856	1,82905982906
3,742	5,25763125763	1,82417582418
3,744	5,28205128205	1,80952380952
3,746	5,2967032967	1,79975579976
3,748	5,32600732601	1,79975579976
3,75	5,35531135531	1,7851037851
3,752	5,37484737485	1,76556776557
3,754	5,40903540904	1,77045177045
3,756	5,43833943834	1,76556776557
3,758	5,45299145299	1,74114774115
3,76	5,48717948718	1,74114774115
3,762	5,50671550672	1,73137973138
3,764	5,53113553114	1,71672771673
3,766	5,55067155067	1,70695970696
3,768	5,58485958486	1,69719169719
3,77	5,59951159951	1,68742368742
3,772	5,61416361416	1,67277167277
3,774	5,64835164835	1,66788766789
3,776	5,66788766789	1,65323565324
3,778	5,68253968254	1,63858363858
3,78	5,71184371184	1,62881562882
3,782	5,73137973138	1,62393162393
3,784	5,74114774115	1,6043956044
3,786	5,77533577534	1,59462759463
3,788	5,78998778999	1,58485958486
3,79	5,81440781441	1,57020757021
3,792	5,83394383394	1,56043956044
3,794	5,85347985348	1,55555555556
3,796	5,86324786325	1,53113553114
3,798	5,89255189255	1,52136752137
3,8	5,91208791209	1,5115995116
3,802	5,92185592186	1,50183150183
3,804	5,93650793651	1,4822954823
3,806	5,96092796093	1,47252747253
3,808	5,98046398046	1,46764346764
3,81	5,97557997558	1,44810744811
3,812	6,00976800977	1,43833943834
3,814	6,01953601954	1,42857142857
3,816	6,02442002442	1,40415140415
3,818	6,05860805861	1,39926739927
3,82	6,07814407814	1,38461538462
3,822	6,06837606838	1,36996336996
3,824	6,08791208791	1,3601953602
3,826	6,10256410256	1,34554334554
3,828	6,11721611722	1,33089133089
3,83	6,12698412698	1,31135531136
3,832	6,14163614164	1,30647130647
3,834	6,14652014652	1,28693528694
3,836	6,15628815629	1,2673992674
3,838	6,17582417582	1,2673992674
3,84	6,19047619048	1,24297924298
3,842	6,19047619048	1,22832722833
3,844	6,21001221001	1,21855921856
3,846	6,21978021978	1,20879120879
3,848	6,22466422466	1,18437118437
3,85	6,22954822955	1,15506715507
3,852	6,2442002442	1,15995115995
3,854	6,2442002442	1,14041514042
3,856	6,2442002442	1,115995116
3,858	6,2735042735	1,115995116
3,86	6,2735042735	1,09645909646
3,862	6,2735042735	1,08180708181
3,864	6,28327228327	1,06715506716
3,866	6,29792429792	1,05738705739
3,868	6,28815628816	1,02808302808
3,87	6,29792429792	1,01831501832
3,872	6,30280830281	1,00854700855
3,874	6,30769230769	0,989010989011
3,876	6,31746031746	0,979242979243
3,878	6,32234432234	0,959706959707
3,88	6,31746031746	0,949938949939
3,882	6,32234432234	0,920634920635
3,884	6,33211233211	0,920634920635
3,886	6,32722832723	0,901098901099
3,888	6,32234432234	0,881562881563
3,89	6,336996337	0,871794871795
3,892	6,336996337	0,862026862027
3,894	6,34188034188	0,842490842491
3,896	6,34676434676	0,822954822955
3,898	6,35164835165	0,813186813187
3,9	6,34188034188	0,788766788767
3,902	6,336996337	0,774114774115
3,904	6,336996337	0,759462759463
3,906	6,32234432234	0,735042735043
3,908	6,32234432234	0,715506715507
3,91	6,33211233211	0,705738705739
3,912	6,32234432234	0,686202686203
3,914	6,32234432234	0,656898656899
3,916	6,31746031746	0,656898656899
3,918	6,30769230769	0,637362637363
3,92	6,30769230769	0,612942612943
3,922	6,30280830281	0,598290598291
3,924	6,31257631258	0,583638583639
3,926	6,29304029304	0,559218559219
3,928	6,28815628816	0,549450549451
3,93	6,27838827839	0,539682539683
3,932	6,2735042735	0,515262515263
3,934	6,26862026862	0,490842490842
3,936	6,26373626374	0,485958485958
3,938	6,25885225885	0,466422466422
3,94	6,23931623932	0,442002442002
3,942	6,23931623932	0,437118437118
3,944	6,22954822955	0,417582417582
3,946	6,22466422466	0,393162393162
3,948	6,2148962149	0,37851037851
3,95	6,2148962149	0,37851037851
3,952	6,18559218559	0,344322344322
3,954	6,19047619048	0,32967032967
3,956	6,18070818071	0,319902319902
3,958	6,16605616606	0,300366300366
3,96	6,16117216117	0,271062271062
3,962	6,14163614164	0,266178266178
3,964	6,13186813187	0,251526251526
3,966	6,11721611722	0,222222222222
3,968	6,10744810745	0,217338217338
3,97	6,10744810745	0,202686202686
3,972	6,07814407814	0,168498168498
3,974	6,07814407814	0,163614163614
3,976	6,05860805861	0,15873015873
3,978	6,0293040293	0,129426129426
3,98	6,02442002442	0,114774114774
3,982	6,01465201465	0,100122100122
3,984	5,99023199023	0,0757020757021
3,986	5,98534798535	0,0610500610501
3,988	5,9706959707	0,0512820512821
3,99	5,95115995116	0,026862026862
3,992	5,93162393162	0,002442002442
3,994	5,91697191697	0,002442002442
3,996	5,90231990232	-0,01221001221
3,998	5,8778998779	-0,041514041514
4	5,86324786325	-0,0561660561661
4,002	5,85347985348	-0,0708180708181
4,004	5,82905982906	-0,0903540903541
4,006	5,81440781441	-0,105006105006
4,008	5,7851037851	-0,119658119658
4,01	5,76556776557	-0,13431013431
4,012	5,74114774115	-0,153846153846
4,014	5,73626373626	-0,168498168498
4,016	5,71672771673	-0,192918192918
4,018	5,68253968254	-0,212454212454
4,02	5,67277167277	-0,222222222222
4,022	5,65323565324	-0,236874236874
4,024	5,62393162393	-0,261294261294
4,026	5,60927960928	-0,275946275946
4,028	5,58485958486	-0,290598290598
4,03	5,55555555556	-0,30525030525
4,032	5,53601953602	-0,319902319902
4,034	5,51648351648	-0,339438339438
4,036	5,48717948718	-0,35409035409
4,038	5,46764346764	-0,37851037851
4,04	5,44322344322	-0,388278388278
4,042	5,4188034188	-0,407814407814
4,044	5,38461538462	-0,432234432234
4,046	5,36996336996	-0,437118437118
4,048	5,34065934066	-0,45177045177
4,05	5,31135531136	-0,481074481074
4,052	5,28693528694	-0,485958485958
4,054	5,2673992674	-0,500610500611
4,056	5,2380952381	-0,520146520147
4,058	5,21855921856	-0,529914529915
4,06	5,18925518926	-0,549450549451
4,062	5,15995115995	-0,573870573871
4,064	5,13064713065	-0,598290598291
4,066	5,10622710623	-0,598290598291
4,068	5,07692307692	-0,622710622711
4,07	5,04273504274	-0,642246642247
4,072	5,0231990232	-0,652014652015
4,074	4,99877899878	-0,666666666667
4,076	4,96459096459	-0,686202686203
4,078	4,93528693529	-0,695970695971
4,08	4,90598290598	-0,710622710623
4,082	4,87179487179	-0,725274725275
4,084	4,84737484737	-0,739926739927
4,086	4,81807081807	-0,754578754579
4,088	4,78388278388	-0,769230769231
4,09	4,74969474969	-0,788766788767
4,092	4,73015873016	-0,803418803419
4,094	4,69597069597	-0,818070818071
4,096	4,6568986569	-0,837606837607
4,098	4,62759462759	-0,847374847375
4,1	4,60805860806	-0,852258852259
4,102	4,55921855922	-0,876678876679
4,104	4,52991452991	-0,896214896215
4,106	4,50549450549	-0,910866910867
4,108	4,46642246642	-0,925518925519
4,11	4,43711843712	-0,935286935287
4,112	4,40781440781	-0,945054945055
4,114	4,36874236874	-0,969474969475
4,116	4,32967032967	-0,979242979243
4,118	4,30036630037	-0,993894993895
4,12	4,26617826618	-1,00366300366
4,122	4,22710622711	-1,02808302808
4,124	4,20757020757	-1,03296703297
4,126	4,1684981685	-1,04273504274
4,128	4,13431013431	-1,07203907204
4,13	4,09523809524	-1,07692307692
4,132	4,06593406593	-1,09157509158
4,134	4,02197802198	-1,11111111111
4,136	3,99267399267	-1,115995116
4,138	3,94871794872	-1,13064713065
4,14	3,91941391941	-1,1452991453
4,142	3,88034188034	-1,15995115995
4,144	3,85103785104	-1,16971916972
4,146	3,81684981685	-1,18925518926
4,148	3,77289377289	-1,19902319902
4,15	3,73382173382	-1,21367521368
4,152	3,69474969475	-1,21855921856
4,154	3,66056166056	-1,24297924298
4,156	3,62637362637	-1,25274725275
4,158	3,59218559219	-1,26251526252
4,16	3,55311355311	-1,27228327228
4,162	3,50427350427	-1,28693528694
4,164	3,47985347985	-1,2967032967
4,166	3,43101343101	-1,31623931624
4,168	3,39682539683	-1,33577533578
4,17	3,35775335775	-1,34065934066
4,172	3,32356532357	-1,35042735043
4,174	3,27472527473	-1,36507936508
4,176	3,25030525031	-1,36996336996
4,178	3,21123321123	-1,38461538462
4,18	3,16239316239	-1,40415140415
4,182	3,13308913309	-1,40903540904
4,184	3,09401709402	-1,41391941392
4,186	3,04517704518	-1,44322344322
4,188	3,00610500611	-1,44810744811
4,19	2,97191697192	-1,45299145299
4,192	2,92307692308	-1,46764346764
4,194	2,884004884	-1,48717948718
4,196	2,84493284493	-1,4822954823
4,198	2,80586080586	-1,49694749695
4,2	2,7619047619	-1,52136752137
4,202	2,72771672772	-1,52136752137
4,204	2,68376068376	-1,52625152625
4,206	2,63003663004	-1,55555555556
4,208	2,59584859585	-1,55067155067
4,21	2,56654456654	-1,56532356532
4,212	2,51282051282	-1,58485958486
4,214	2,47863247863	-1,58974358974
4,216	2,43467643468	-1,58974358974
4,218	2,38583638584	-1,6043956044
4,22	2,34188034188	-1,61904761905
4,222	2,31257631258	-1,62881562882
4,224	2,25396825397	-1,63858363858
4,226	2,2148962149	-1,64835164835
4,228	2,18070818071	-1,64835164835
4,23	2,13675213675	-1,66788766789
4,232	2,0927960928	-1,68253968254
4,234	2,04884004884	-1,68253968254
4,236	2,00976800977	-1,68742368742
4,238	1,96581196581	-1,70207570208
4,24	1,92673992674	-1,71672771673
4,242	1,88766788767	-1,7264957265
4,244	1,83394383394	-1,73626373626
4,246	1,79487179487	-1,73626373626
4,248	1,75091575092	-1,75091575092
4,25	1,70695970696	-1,76068376068
4,252	1,66788766789	-1,78021978022
4,254	1,62393162393	-1,77533577534
4,256	1,58485958486	-1,77533577534
4,258	1,53113553114	-1,79487179487
4,26	1,49694749695	-1,79975579976
4,262	1,45299145299	-1,80463980464
4,264	1,40415140415	-1,81929181929
4,266	1,3601953602	-1,82417582418
4,268	1,32112332112	-1,82905982906
4,27	1,27228327228	-1,84371184371
4,272	1,2380952381	-1,84371184371
4,274	1,19413919414	-1,8485958486
4,276	1,14041514042	-1,85836385836
4,278	1,09645909646	-1,87301587302
4,28	1,05738705739	-1,87301587302
4,282	1,01343101343	-1,8778998779
4,284	0,964590964591	-1,89255189255
4,286	0,925518925519	-1,89743589744
4,288	0,886446886447	-1,89743589744
4,29	0,832722832723	-1,91208791209
4,292	0,798534798535	-1,92185592186
4,294	0,754578754579	-1,91697191697
4,296	0,710622710623	-1,93162393162
4,298	0,666666666667	-1,93162393162
4,3	0,622710622711	-1,93650793651
4,302	0,573870573871	-1,94627594628
4,304	0,525030525031	-1,96092796093
4,306	0,485958485958	-1,95115995116
4,308	0,442002442002	-1,96092796093
4,31	0,393162393162	-1,9706959707
4,312	0,35409035409	-1,9706959707
4,314	0,315018315018	-1,97557997558
4,316	0,266178266178	-1,98534798535
4,318	0,222222222222	-1,99023199023
4,32	0,178266178266	-1,99023199023
4,322	0,129426129426	-2
4,324	0,0903540903541	-2,00488400488
4,326	0,0512820512821	-2,00976800977
4,328	0,002442002442	-2,00976800977
4,33	-0,041514041514	-2,00488400488
4,332	-0,0805860805861	-2,01465201465
4,334	-0,129426129426	-2,01465201465
4,336	-0,173382173382	-2,03907203907
4,338	-0,212454212454	-2,02442002442
4,34	-0,25641025641	-2,03418803419
4,342	-0,30525030525	-2,04395604396
4,344	-0,344322344322	-2,04395604396
4,346	-0,383394383394	-2,04395604396
4,348	-0,437118437118	-2,05372405372
4,35	-0,47619047619	-2,05372405372
4,352	-0,515262515263	-2,04884004884
4,354	-0,564102564103	-2,06349206349
4,356	-0,612942612943	-2,06837606838
4,358	-0,647130647131	-2,05860805861
4,36	-0,695970695971	-2,06837606838
4,362	-0,749694749695	-2,07814407814
4,364	-0,783882783883	-2,06837606838
4,366	-0,827838827839	-2,07814407814
4,368	-0,876678876679	-2,08302808303
4,37	-0,910866910867	-2,07326007326
4,372	-0,954822954823	-2,07814407814
4,374	-0,998778998779	-2,08791208791
4,376	-1,03785103785	-2,08302808303
4,378	-1,07692307692	-2,08302808303
4,38	-1,13064713065	-2,08791208791
4,382	-1,16483516484	-2,08791208791
4,384	-1,20879120879	-2,08791208791
4,386	-1,25763125763	-2,09768009768
4,388	-1,29181929182	-2,10256410256
4,39	-1,33577533578	-2,0927960928
4,392	-1,38461538462	-2,09768009768
4,394	-1,42857142857	-2,10256410256
4,396	-1,46275946276	-2,09768009768
4,398	-1,50671550672	-2,0927960928
4,4	-1,55067155067	-2,10256410256
4,402	-1,58485958486	-2,10744810745
4,404	-1,6336996337	-2,10256410256
4,406	-1,67765567766	-2,10744810745
4,408	-1,71672771673	-2,10256410256
4,41	-1,75091575092	-2,09768009768
4,412	-1,79975579976	-2,10256410256
4,414	-1,83882783883	-2,09768009768
4,416	-1,87301587302	-2,09768009768
4,418	-1,91697191697	-2,10256410256
4,42	-1,96581196581	-2,10256410256
4,422	-1,99511599512	-2,09768009768
4,424	-2,03907203907	-2,0927960928
4,426	-2,08302808303	-2,0927960928
4,428	-2,11721611722	-2,0927960928
4,43	-2,16117216117	-2,08791208791
4,432	-2,20512820513	-2,09768009768
4,434	-2,23443223443	-2,08791208791
4,436	-2,2735042735	-2,07814407814
4,438	-2,32234432234	-2,0927960928
4,44	-2,35164835165	-2,08791208791
4,442	-2,3956043956	-2,07326007326
4,444	-2,43956043956	-2,08302808303
4,446	-2,48351648352	-2,07814407814
4,448	-2,50793650794	-2,07326007326
4,45	-2,55189255189	-2,06837606838
4,452	-2,59584859585	-2,07326007326
4,454	-2,62026862027	-2,06837606838
4,456	-2,66422466422	-2,05860805861
4,458	-2,69841269841	-2,06349206349
4,46	-2,73748473748	-2,05860805861
4,462	-2,77167277167	-2,04884004884
4,464	-2,81562881563	-2,04884004884
4,466	-2,84981684982	-2,04884004884
4,468	-2,884004884	-2,03418803419
4,47	-2,92796092796	-2,03907203907
4,472	-2,95726495726	-2,03907203907
4,474	-2,98656898657	-2,0293040293
4,476	-3,03052503053	-2,0293040293
4,478	-3,0695970696	-2,0293040293
4,48	-3,0989010989	-2,02442002442
4,482	-3,13308913309	-2,01465201465
4,484	-3,17216117216	-2,01465201465
4,486	-3,20634920635	-2,00488400488
4,488	-3,24053724054	-1,99511599512
4,49	-3,27960927961	-1,99511599512
4,492	-3,3137973138	-1,99023199023
4,494	-3,33821733822	-1,98046398046
4,496	-3,37728937729	-1,97557997558
4,498	-3,41636141636	-1,97557997558
4,5	-3,4358974359	-1,96581196581
4,502	-3,47985347985	-1,95604395604
4,504	-3,51892551893	-1,96092796093
4,506	-3,54334554335	-1,95115995116
4,508	-3,56288156288	-1,93650793651
4,51	-3,60683760684	-1,94139194139
4,512	-3,63614163614	-1,92673992674
4,514	-3,66544566545	-1,91697191697
4,516	-3,69963369963	-1,92185592186
4,518	-3,73870573871	-1,92185592186
4,52	-3,75335775336	-1,89743589744
4,522	-3,78754578755	-1,89743589744
4,524	-3,82661782662	-1,89743589744
4,526	-3,84615384615	-1,88278388278
4,528	-3,88034188034	-1,86813186813
4,53	-3,90964590965	-1,87301587302
4,532	-3,93406593407	-1,85836385836
4,534	-3,95848595849	-1,85347985348
4,536	-4,00244200244	-1,84371184371
4,538	-4,02197802198	-1,84371184371
4,54	-4,05128205128	-1,83394383394
4,542	-4,08058608059	-1,82417582418
4,544	-4,11477411477	-1,82417582418
4,546	-4,13431013431	-1,80463980464
4,548	-4,16361416361	-1,79487179487
4,55	-4,1978021978	-1,79487179487
4,552	-4,21245421245	-1,77533577534
4,554	-4,24175824176	-1,77045177045
4,556	-4,27106227106	-1,76556776557
4,558	-4,2905982906	-1,75091575092
4,56	-4,31013431013	-1,73626373626
4,562	-4,33943833944	-1,73626373626
4,564	-4,36874236874	-1,7264957265
4,566	-4,39316239316	-1,71672771673
4,568	-4,41758241758	-1,71184371184
4,57	-4,442002442	-1,70207570208
4,572	-4,46153846154	-1,68742368742
4,574	-4,49084249084	-1,663003663
4,576	-4,51526251526	-1,67765567766
4,578	-4,52991452991	-1,65323565324
4,58	-4,54945054945	-1,64346764347
4,582	-4,57387057387	-1,64346764347
4,584	-4,59340659341	-1,62393162393
4,586	-4,61294261294	-1,60927960928
4,588	-4,64224664225	-1,6043956044
4,59	-4,6568986569	-1,59462759463
4,592	-4,68131868132	-1,57997557998
4,594	-4,70085470085	-1,57509157509
4,596	-4,73015873016	-1,56043956044
4,598	-4,73992673993	-1,5409035409
4,6	-4,75946275946	-1,53601953602
4,602	-4,778998779	-1,53113553114
4,604	-4,78876678877	-1,51648351648
4,606	-4,81318681319	-1,49694749695
4,608	-4,83272283272	-1,49206349206
4,61	-4,84249084249	-1,47741147741
4,612	-4,85225885226	-1,46764346764
4,614	-4,88156288156	-1,46275946276
4,616	-4,89621489621	-1,44810744811
4,618	-4,91086691087	-1,43345543346
4,62	-4,9304029304	-1,4188034188
4,622	-4,94993894994	-1,42368742369
4,624	-4,95970695971	-1,39926739927
4,626	-4,97924297924	-1,38461538462
4,628	-4,99389499389	-1,37484737485
4,63	-5,00366300366	-1,35531135531
4,632	-5,01831501832	-1,34554334554
4,634	-5,03296703297	-1,33577533578
4,636	-5,04273504274	-1,31623931624
4,638	-5,05738705739	-1,30158730159
4,64	-5,06715506716	-1,2967032967
4,642	-5,07692307692	-1,27716727717
4,644	-5,08669108669	-1,2673992674
4,646	-5,10134310134	-1,25763125763
4,648	-5,11111111111	-1,24297924298
4,65	-5,12087912088	-1,22344322344
4,652	-5,14041514042	-1,20879120879
4,654	-5,1452991453	-1,20390720391
4,656	-5,15506715507	-1,18437118437
4,658	-5,15506715507	-1,16971916972
4,66	-5,1746031746	-1,16483516484
4,662	-5,17948717949	-1,1452991453
4,664	-5,18925518926	-1,13064713065
4,666	-5,20390720391	-1,12087912088
4,668	-5,20390720391	-1,10134310134
4,67	-5,20879120879	-1,08669108669
4,672	-5,21855921856	-1,07692307692
4,674	-5,23321123321	-1,05738705739
4,676	-5,22832722833	-1,04273504274
4,678	-5,24297924298	-1,02808302808
4,68	-5,24786324786	-1,0231990232
4,682	-5,24786324786	-1,00366300366
4,684	-5,25274725275	-0,984126984127
4,686	-5,2673992674	-0,979242979243
4,688	-5,26251526252	-0,959706959707
4,69	-5,2673992674	-0,940170940171
4,692	-5,27716727717	-0,935286935287
4,694	-5,27228327228	-0,915750915751
4,696	-5,27716727717	-0,901098901099
4,698	-5,28205128205	-0,891330891331
4,7	-5,28693528694	-0,886446886447
4,702	-5,29181929182	-0,862026862027
4,704	-5,29181929182	-0,847374847375
4,706	-5,30647130647	-0,837606837607
4,708	-5,29181929182	-0,818070818071
4,71	-5,30158730159	-0,808302808303
4,712	-5,30158730159	-0,798534798535
4,714	-5,29181929182	-0,774114774115
4,716	-5,29181929182	-0,754578754579
4,718	-5,29181929182	-0,744810744811
4,72	-5,28693528694	-0,720390720391
4,722	-5,28693528694	-0,700854700855
4,724	-5,29181929182	-0,695970695971
4,726	-5,28693528694	-0,681318681319
4,728	-5,27716727717	-0,656898656899
4,73	-5,27716727717	-0,637362637363
4,732	-5,28205128205	-0,637362637363
4,734	-5,27228327228	-0,608058608059
4,736	-5,25763125763	-0,593406593407
4,738	-5,2673992674	-0,578754578755
4,74	-5,25274725275	-0,564102564103
4,742	-5,24786324786	-0,544566544567
4,744	-5,24786324786	-0,534798534799
4,746	-5,2380952381	-0,515262515263
4,748	-5,23321123321	-0,495726495726
4,75	-5,22832722833	-0,485958485958
4,752	-5,21367521368	-0,466422466422
4,754	-5,20879120879	-0,45177045177
4,756	-5,20390720391	-0,442002442002
4,758	-5,19902319902	-0,42735042735
4,76	-5,18437118437	-0,40293040293
4,762	-5,17948717949	-0,373626373626
4,764	-5,1746031746	-0,373626373626
4,766	-5,15995115995	-0,35409035409
4,768	-5,1452991453	-0,334554334554
4,77	-5,14041514042	-0,319902319902
4,772	-5,12576312576	-0,300366300366
4,774	-5,11111111111	-0,285714285714
4,776	-5,11111111111	-0,271062271062
4,778	-5,10134310134	-0,246642246642
4,78	-5,07692307692	-0,23199023199
4,782	-5,06715506716	-0,217338217338
4,784	-5,06227106227	-0,20757020757
4,786	-5,04273504274	-0,18315018315
4,788	-5,02808302808	-0,163614163614
4,79	-5,0231990232	-0,153846153846
4,792	-5,00366300366	-0,139194139194
4,794	-4,97924297924	-0,114774114774
4,796	-4,96947496947	-0,105006105006
4,798	-4,95482295482	-0,0805860805861
4,8	-4,93528693529	-0,0561660561661
4,802	-4,9304029304	-0,0512820512821
4,804	-4,90598290598	-0,03663003663
4,806	-4,88644688645	-0,01221001221
4,808	-4,87179487179	-0,002442002442
4,81	-4,86202686203	0,00732600732601
4,812	-4,83760683761	0,03663003663
4,814	-4,81807081807	0,0512820512821
4,816	-4,8083028083	0,0659340659341
4,818	-4,778998779	0,0854700854701
4,82	-4,75457875458	0,105006105006
4,822	-4,74481074481	0,114774114774
4,824	-4,72527472527	0,129426129426
4,826	-4,69597069597	0,153846153846
4,828	-4,6862026862	0,168498168498
4,83	-4,6568986569	0,188034188034
4,832	-4,63736263736	0,20757020757
4,834	-4,60805860806	0,222222222222
4,836	-4,59340659341	0,227106227106
4,838	-4,56898656899	0,261294261294
4,84	-4,54945054945	0,28083028083
4,842	-4,52991452991	0,285714285714
4,844	-4,50061050061	0,310134310134
4,846	-4,47130647131	0,334554334554
4,848	-4,45177045177	0,334554334554
4,85	-4,43223443223	0,358974358974
4,852	-4,40293040293	0,383394383394
4,854	-4,38339438339	0,393162393162
4,856	-4,36385836386	0,417582417582
4,858	-4,32967032967	0,432234432234
4,86	-4,30525030525	0,446886446886
4,862	-4,28083028083	0,466422466422
4,864	-4,24664224664	0,481074481074
4,866	-4,22222222222	0,495726495726
4,868	-4,20268620269	0,510378510379
4,87	-4,16361416361	0,529914529915
4,872	-4,13919413919	0,559218559219
4,874	-4,10989010989	0,564102564103
4,876	-4,08547008547	0,578754578755
4,878	-4,05128205128	0,603174603175
4,88	-4,02197802198	0,617826617827
4,882	-3,99267399267	0,637362637363
4,884	-3,96336996337	0,652014652015
4,886	-3,94383394383	0,671550671551
4,888	-3,91452991453	0,676434676435
4,89	-3,87545787546	0,705738705739
4,892	-3,84126984127	0,725274725275
4,894	-3,81196581197	0,725274725275
4,896	-3,77777777778	0,749694749695
4,898	-3,74358974359	0,774114774115
4,9	-3,72405372405	0,783882783883
4,902	-3,68986568987	0,803418803419
4,904	-3,64590964591	0,818070818071
4,906	-3,61660561661	0,832722832723
4,908	-3,59218559219	0,852258852259
4,91	-3,54822954823	0,866910866911
4,912	-3,51892551893	0,876678876679
4,914	-3,49450549451	0,891330891331
4,916	-3,44566544567	0,915750915751
4,918	-3,40659340659	0,930402930403
4,92	-3,38217338217	0,935286935287
4,922	-3,34798534799	0,959706959707
4,924	-3,30891330891	0,979242979243
4,926	-3,27960927961	0,989010989011
4,928	-3,24053724054	1,00854700855
4,93	-3,20146520147	1,02808302808
4,932	-3,17216117216	1,03785103785
4,934	-3,13308913309	1,04761904762
4,936	-3,08913308913	1,07203907204
4,938	-3,05494505495	1,08669108669
4,94	-3,02564102564	1,09157509158
4,942	-2,98168498168	1,115995116
4,944	-2,94261294261	1,13553113553
4,946	-2,91330891331	1,14041514042
4,948	-2,86935286935	1,15995115995
4,95	-2,83028083028	1,17948717949
4,952	-2,80097680098	1,18437118437
4,954	-2,7619047619	1,20390720391
4,956	-2,71794871795	1,21855921856
4,958	-2,67887667888	1,2380952381
4,96	-2,64957264957	1,24297924298
4,962	-2,60073260073	1,26251526252
4,964	-2,55677655678	1,28205128205
4,966	-2,52747252747	1,28693528694
4,968	-2,48351648352	1,30647130647
4,97	-2,43467643468	1,32112332112
4,972	-2,40048840049	1,32600732601
4,974	-2,35653235653	1,34065934066
4,976	-2,31746031746	1,36507936508
4,978	-2,27838827839	1,36996336996
4,98	-2,2442002442	1,38461538462
4,982	-2,19047619048	1,39926739927
4,984	-2,15628815629	1,41391941392
4,986	-2,11721611722	1,4188034188
4,988	-2,06837606838	1,43833943834
4,99	-2,0293040293	1,46275946276
4,992	-1,99511599512	1,45787545788
4,994	-1,94627594628	1,4822954823
4,996	-1,89255189255	1,49206349206
4,998	-1,86324786325	1,50671550672
5	-1,81929181929	1,51648351648
