Vernier Format 2
rc_prof rogiers.cmbl 24/02/2025 09:47:03 ,
Latest
Time	Potential 1	Potential 2
t	Pot 1	Pot 2
s	V	V

0	-3,94383394383	-4,33943833944
0,002	-4,03174603175	-4,34920634921
0,004	-4,10012210012	-4,34432234432
0,006	-4,18315018315	-4,34432234432
0,008	-4,26617826618	-4,33455433455
0,01	-4,32967032967	-4,3199023199
0,012	-4,39316239316	-4,29548229548
0,014	-4,47619047619	-4,2905982906
0,016	-4,5347985348	-4,26617826618
0,018	-4,59829059829	-4,24175824176
0,02	-4,67155067155	-4,22710622711
0,022	-4,72039072039	-4,1978021978
0,024	-4,76923076923	-4,16361416361
0,026	-4,82783882784	-4,13919413919
0,028	-4,88156288156	-4,10500610501
0,03	-4,92063492063	-4,07081807082
0,032	-4,96459096459	-4,03174603175
0,034	-5,01343101343	-4,00244200244
0,036	-5,04273504274	-3,9536019536
0,038	-5,07692307692	-3,90964590965
0,04	-5,115995116	-3,88034188034
0,042	-5,14041514042	-3,82173382173
0,044	-5,16483516484	-3,77289377289
0,046	-5,19413919414	-3,72893772894
0,048	-5,21367521368	-3,67032967033
0,05	-5,22344322344	-3,61172161172
0,052	-5,24297924298	-3,56288156288
0,054	-5,26251526252	-3,50915750916
0,056	-5,26251526252	-3,4358974359
0,058	-5,27228327228	-3,39194139194
0,06	-5,28693528694	-3,33333333333
0,062	-5,27716727717	-3,26495726496
0,064	-5,2673992674	-3,18681318681
0,066	-5,2673992674	-3,12332112332
0,068	-5,25763125763	-3,05006105006
0,07	-5,24297924298	-2,9768009768
0,072	-5,22344322344	-2,91330891331
0,074	-5,21367521368	-2,84493284493
0,076	-5,18925518926	-2,75213675214
0,078	-5,16483516484	-2,67887667888
0,08	-5,14041514042	-2,60561660562
0,082	-5,10622710623	-2,5177045177
0,084	-5,07692307692	-2,42979242979
0,086	-5,04273504274	-2,35653235653
0,088	-4,99877899878	-2,26862026862
0,09	-4,94993894994	-2,18070818071
0,092	-4,91575091575	-2,10256410256
0,094	-4,85714285714	-2,01953601954
0,096	-4,80341880342	-1,92185592186
0,098	-4,75457875458	-1,82417582418
0,1	-4,70573870574	-1,74603174603
0,102	-4,63736263736	-1,63858363858
0,104	-4,57387057387	-1,54578754579
0,106	-4,51526251526	-1,45299145299
0,108	-4,442002442	-1,35531135531
0,11	-4,36874236874	-1,25274725275
0,112	-4,30036630037	-1,16483516484
0,114	-4,22222222222	-1,06227106227
0,116	-4,13919413919	-0,959706959707
0,118	-4,05616605617	-0,866910866911
0,12	-3,98290598291	-0,778998778999
0,122	-3,88522588523	-0,661782661783
0,124	-3,79242979243	-0,564102564103
0,126	-3,71428571429	-0,461538461538
0,128	-3,60683760684	-0,358974358974
0,13	-3,50915750916	-0,251526251526
0,132	-3,42612942613	-0,163614163614
0,134	-3,31868131868	-0,0512820512821
0,136	-3,21611721612	0,0512820512821
0,138	-3,11355311355	0,144078144078
0,14	-3,00122100122	0,241758241758
0,142	-2,89377289377	0,35409035409
0,144	-2,79120879121	0,45177045177
0,146	-2,68376068376	0,554334554335
0,148	-2,55677655678	0,656898656899
0,15	-2,44444444444	0,759462759463
0,152	-2,33211233211	0,842490842491
0,154	-2,2148962149	0,949938949939
0,156	-2,08791208791	1,05738705739
0,158	-1,97557997558	1,15018315018
0,16	-1,85347985348	1,24786324786
0,162	-1,73137973138	1,34554334554
0,164	-1,60927960928	1,43345543346
0,166	-1,48717948718	1,52625152625
0,168	-1,35042735043	1,62881562882
0,17	-1,22344322344	1,72161172161
0,172	-1,10622710623	1,80463980464
0,174	-0,974358974359	1,9072039072
0,176	-0,842490842491	2
0,178	-0,720390720391	2,08302808303
0,18	-0,583638583639	2,17094017094
0,182	-0,446886446886	2,26373626374
0,184	-0,319902319902	2,336996337
0,186	-0,188034188034	2,41514041514
0,188	-0,0561660561661	2,51282051282
0,19	0,0708180708181	2,59096459096
0,192	0,192918192918	2,66422466422
0,194	0,32967032967	2,75213675214
0,196	0,466422466422	2,8253968254
0,198	0,593406593407	2,88888888889
0,2	0,730158730159	2,96214896215
0,202	0,866910866911	3,04517704518
0,204	0,989010989011	3,10378510379
0,206	1,12576312576	3,18681318681
0,208	1,25763125763	3,25030525031
0,21	1,38461538462	3,30402930403
0,212	1,51648351648	3,36263736264
0,214	1,64346764347	3,4358974359
0,216	1,77045177045	3,49938949939
0,218	1,89255189255	3,54822954823
0,22	2,0293040293	3,60195360195
0,222	2,15628815629	3,67521367521
0,224	2,28327228327	3,71916971917
0,226	2,40537240537	3,76312576313
0,228	2,53724053724	3,81684981685
0,23	2,65445665446	3,87057387057
0,232	2,77167277167	3,90964590965
0,234	2,90842490842	3,95848595849
0,236	3,02564102564	3,99755799756
0,238	3,13797313797	4,03663003663
0,24	3,25030525031	4,0757020757
0,242	3,37240537241	4,11477411477
0,244	3,48473748474	4,12942612943
0,246	3,59706959707	4,17338217338
0,248	3,71428571429	4,20268620269
0,25	3,82173382173	4,22710622711
0,252	3,92918192918	4,23687423687
0,254	4,03174603175	4,27106227106
0,256	4,14896214896	4,30036630037
0,258	4,23687423687	4,30036630037
0,26	4,35409035409	4,3199023199
0,262	4,442002442	4,34432234432
0,264	4,54456654457	4,34920634921
0,266	4,63736263736	4,34920634921
0,268	4,73992673993	4,35897435897
0,27	4,82295482295	4,36385836386
0,272	4,91086691087	4,36874236874
0,274	4,99389499389	4,37362637363
0,276	5,07692307692	4,37362637363
0,278	5,15506715507	4,35897435897
0,28	5,2380952381	4,35409035409
0,282	5,32112332112	4,34920634921
0,284	5,38461538462	4,32967032967
0,286	5,47252747253	4,31501831502
0,288	5,53601953602	4,31013431013
0,29	5,59951159951	4,28083028083
0,292	5,65811965812	4,26617826618
0,294	5,73626373626	4,24175824176
0,296	5,78998778999	4,21733821734
0,298	5,84371184371	4,18315018315
0,3	5,89255189255	4,16361416361
0,302	5,94627594628	4,13919413919
0,304	5,99023199023	4,09035409035
0,306	6,03418803419	4,06105006105
0,308	6,07326007326	4,02197802198
0,31	6,10744810745	3,97313797314
0,312	6,14652014652	3,9242979243
0,314	6,18070818071	3,88034188034
0,316	6,20512820513	3,8315018315
0,318	6,22954822955	3,78266178266
0,32	6,25885225885	3,72893772894
0,322	6,27838827839	3,68498168498
0,324	6,28815628816	3,61660561661
0,326	6,30280830281	3,56288156288
0,328	6,32234432234	3,50427350427
0,33	6,31746031746	3,45054945055
0,332	6,32234432234	3,38217338217
0,334	6,33211233211	3,32844932845
0,336	6,32722832723	3,25030525031
0,338	6,30769230769	3,17216117216
0,34	6,30280830281	3,10866910867
0,342	6,29792429792	3,03052503053
0,344	6,27838827839	2,9474969475
0,346	6,25885225885	2,884004884
0,348	6,2442002442	2,81562881563
0,35	6,21978021978	2,72283272283
0,352	6,18559218559	2,6398046398
0,354	6,16605616606	2,56654456654
0,356	6,13186813187	2,47863247863
0,358	6,08791208791	2,3956043956
0,36	6,04884004884	2,31746031746
0,362	6,01465201465	2,23931623932
0,364	5,96092796093	2,14163614164
0,366	5,93162393162	2,05372405372
0,368	5,8778998779	1,96581196581
0,37	5,81929181929	1,87301587302
0,372	5,76556776557	1,76556776557
0,374	5,70695970696	1,68742368742
0,376	5,64346764347	1,59951159951
0,378	5,57997557998	1,49206349206
0,38	5,5115995116	1,40903540904
0,382	5,44322344322	1,32112332112
0,384	5,36996336996	1,20879120879
0,386	5,30158730159	1,115995116
0,388	5,22832722833	1,01831501832
0,39	5,15018315018	0,915750915751
0,392	5,06715506716	0,808302808303
0,394	4,98412698413	0,725274725275
0,396	4,89621489621	0,632478632479
0,398	4,8083028083	0,515262515263
0,4	4,72039072039	0,42735042735
0,402	4,62759462759	0,334554334554
0,404	4,52991452991	0,227106227106
0,406	4,43711843712	0,129426129426
0,408	4,34432234432	0,03663003663
0,41	4,23687423687	-0,0708180708181
0,412	4,13919413919	-0,163614163614
0,414	4,03663003663	-0,261294261294
0,416	3,93406593407	-0,358974358974
0,418	3,82173382173	-0,466422466422
0,42	3,71916971917	-0,554334554335
0,422	3,61172161172	-0,647130647131
0,424	3,48962148962	-0,744810744811
0,426	3,39194139194	-0,847374847375
0,428	3,27960927961	-0,935286935287
0,43	3,16239316239	-1,03785103785
0,432	3,04029304029	-1,14041514042
0,434	2,92796092796	-1,21855921856
0,436	2,80097680098	-1,31623931624
0,438	2,68376068376	-1,41391941392
0,44	2,56654456654	-1,50183150183
0,442	2,44932844933	-1,58974358974
0,444	2,31257631258	-1,68253968254
0,446	2,20512820513	-1,77045177045
0,448	2,07814407814	-1,85836385836
0,45	1,94627594628	-1,95115995116
0,452	1,81929181929	-2,04395604396
0,454	1,69230769231	-2,11233211233
0,456	1,57020757021	-2,19047619048
0,458	1,43833943834	-2,28327228327
0,46	1,31623931624	-2,37118437118
0,462	1,19413919414	-2,44444444444
0,464	1,05738705739	-2,52747252747
0,466	0,920634920635	-2,60073260073
0,468	0,803418803419	-2,67399267399
0,47	0,671550671551	-2,7619047619
0,472	0,539682539683	-2,83516483516
0,474	0,407814407814	-2,89865689866
0,476	0,295482295482	-2,96703296703
0,478	0,148962148962	-3,04029304029
0,48	0,021978021978	-3,10866910867
0,482	-0,100122100122	-3,16727716728
0,484	-0,23199023199	-3,23565323565
0,486	-0,358974358974	-3,29914529915
0,488	-0,481074481074	-3,36752136752
0,49	-0,612942612943	-3,43101343101
0,492	-0,754578754579	-3,49450549451
0,494	-0,862026862027	-3,54334554335
0,496	-0,993894993895	-3,59218559219
0,498	-1,12576312576	-3,65567765568
0,5	-1,24786324786	-3,70451770452
0,502	-1,36507936508	-3,75335775336
0,504	-1,49694749695	-3,8021978022
0,506	-1,61904761905	-3,85592185592
0,508	-1,73626373626	-3,89010989011
0,51	-1,85836385836	-3,93406593407
0,512	-1,98534798535	-3,98290598291
0,514	-2,0927960928	-4,01709401709
0,516	-2,20512820513	-4,05128205128
0,518	-2,33211233211	-4,09523809524
0,52	-2,43956043956	-4,11965811966
0,522	-2,54700854701	-4,14407814408
0,524	-2,65934065934	-4,17826617827
0,526	-2,77167277167	-4,20757020757
0,528	-2,87912087912	-4,22710622711
0,53	-2,98656898657	-4,25641025641
0,532	-3,09401709402	-4,28571428571
0,534	-3,18681318681	-4,2905982906
0,536	-3,28937728938	-4,30525030525
0,538	-3,39682539683	-4,3199023199
0,54	-3,48962148962	-4,32967032967
0,542	-3,58241758242	-4,32967032967
0,544	-3,67521367521	-4,34920634921
0,546	-3,76312576313	-4,35409035409
0,548	-3,85103785104	-4,35409035409
0,55	-3,93894993895	-4,35409035409
0,552	-4,02686202686	-4,34920634921
0,554	-4,10500610501	-4,33943833944
0,556	-4,17826617827	-4,33455433455
0,558	-4,26617826618	-4,32967032967
0,56	-4,32967032967	-4,31501831502
0,562	-4,39804639805	-4,30036630037
0,564	-4,47130647131	-4,2905982906
0,566	-4,54945054945	-4,27594627595
0,568	-4,60317460317	-4,24664224664
0,57	-4,6568986569	-4,22222222222
0,572	-4,72527472527	-4,19291819292
0,574	-4,77411477411	-4,17338217338
0,576	-4,82295482295	-4,13431013431
0,578	-4,87667887668	-4,10989010989
0,58	-4,92551892552	-4,07081807082
0,582	-4,96459096459	-4,02686202686
0,584	-5,00854700855	-4,00244200244
0,586	-5,04761904762	-3,96336996337
0,588	-5,07692307692	-3,91452991453
0,59	-5,11111111111	-3,87057387057
0,592	-5,1452991453	-3,82661782662
0,594	-5,16483516484	-3,77777777778
0,596	-5,18437118437	-3,71916971917
0,598	-5,20879120879	-3,67521367521
0,6	-5,22832722833	-3,61660561661
0,602	-5,24297924298	-3,557997558
0,604	-5,25763125763	-3,50427350427
0,606	-5,2673992674	-3,45543345543
0,608	-5,27228327228	-3,38217338217
0,61	-5,27716727717	-3,33333333333
0,612	-5,28205128205	-3,26984126984
0,614	-5,2673992674	-3,18681318681
0,616	-5,26251526252	-3,11843711844
0,618	-5,25274725275	-3,04517704518
0,62	-5,2380952381	-2,98168498168
0,622	-5,22344322344	-2,90842490842
0,624	-5,21367521368	-2,8253968254
0,626	-5,19413919414	-2,75702075702
0,628	-5,16483516484	-2,67399267399
0,63	-5,14041514042	-2,60073260073
0,632	-5,115995116	-2,5177045177
0,634	-5,06715506716	-2,43956043956
0,636	-5,03296703297	-2,34676434676
0,638	-4,99877899878	-2,26862026862
0,64	-4,95482295482	-2,18559218559
0,642	-4,90598290598	-2,0927960928
0,644	-4,86202686203	-2,00976800977
0,646	-4,81318681319	-1,92673992674
0,648	-4,74969474969	-1,81929181929
0,65	-4,69597069597	-1,73137973138
0,652	-4,64713064713	-1,63858363858
0,654	-4,57387057387	-1,54578754579
0,656	-4,51037851038	-1,44322344322
0,658	-4,442002442	-1,35531135531
0,66	-4,36874236874	-1,2673992674
0,662	-4,2905982906	-1,15995115995
0,664	-4,21733821734	-1,05738705739
0,666	-4,14896214896	-0,964590964591
0,668	-4,05128205128	-0,862026862027
0,67	-3,97313797314	-0,764346764347
0,672	-3,89010989011	-0,666666666667
0,674	-3,79731379731	-0,559218559219
0,676	-3,70451770452	-0,461538461538
0,678	-3,61172161172	-0,358974358974
0,68	-3,50915750916	-0,261294261294
0,682	-3,42124542125	-0,153846153846
0,684	-3,31868131868	-0,0561660561661
0,686	-3,22588522589	0,046398046398
0,688	-3,10866910867	0,148962148962
0,69	-3,00610500611	0,251526251526
0,692	-2,90354090354	0,344322344322
0,694	-2,78632478632	0,45177045177
0,696	-2,67399267399	0,554334554335
0,698	-2,56654456654	0,656898656899
0,7	-2,44444444444	0,754578754579
0,702	-2,33211233211	0,857142857143
0,704	-2,2148962149	0,954822954823
0,706	-2,09768009768	1,04761904762
0,708	-1,9706959707	1,15506715507
0,71	-1,84371184371	1,24786324786
0,712	-1,73137973138	1,34065934066
0,714	-1,60927960928	1,44322344322
0,716	-1,4822954823	1,53601953602
0,718	-1,3601953602	1,62881562882
0,72	-1,22832722833	1,7264957265
0,722	-1,09645909646	1,81440781441
0,724	-0,974358974359	1,9072039072
0,726	-0,847374847375	1,98534798535
0,728	-0,710622710623	2,08302808303
0,73	-0,578754578755	2,17094017094
0,732	-0,456654456654	2,26373626374
0,734	-0,319902319902	2,336996337
0,736	-0,188034188034	2,42490842491
0,738	-0,0659340659341	2,50305250305
0,74	0,0708180708181	2,59096459096
0,742	0,212454212454	2,66910866911
0,744	0,334554334554	2,74725274725
0,746	0,456654456654	2,82051282051
0,748	0,603174603175	2,89377289377
0,75	0,735042735043	2,9768009768
0,752	0,857142857143	3,03540903541
0,754	0,989010989011	3,11355311355
0,756	1,13064713065	3,18192918193
0,758	1,25274725275	3,25030525031
0,76	1,38461538462	3,30891330891
0,762	1,52136752137	3,37240537241
0,764	1,64346764347	3,43101343101
0,766	1,76556776557	3,49450549451
0,768	1,91208791209	3,56288156288
0,77	2,02442002442	3,61660561661
0,772	2,1514041514	3,66056166056
0,774	2,28815628816	3,71916971917
0,776	2,41025641026	3,76800976801
0,778	2,53235653236	3,82173382173
0,78	2,65445665446	3,86080586081
0,782	2,78144078144	3,91941391941
0,784	2,91330891331	3,95848595849
0,786	3,01587301587	3,99267399267
0,788	3,14285714286	4,03174603175
0,79	3,25518925519	4,0757020757
0,792	3,36752136752	4,09035409035
0,794	3,48962148962	4,13431013431
0,796	3,59706959707	4,17338217338
0,798	3,7094017094	4,19291819292
0,8	3,82661782662	4,21733821734
0,802	3,93894993895	4,25152625153
0,804	4,03174603175	4,27106227106
0,806	4,14407814408	4,28571428571
0,808	4,25152625153	4,31013431013
0,81	4,34432234432	4,32967032967
0,812	4,43711843712	4,32478632479
0,814	4,54456654457	4,33943833944
0,816	4,63247863248	4,35409035409
0,818	4,72527472527	4,36385836386
0,82	4,81807081807	4,35409035409
0,822	4,91086691087	4,36874236874
0,824	4,99389499389	4,37851037851
0,826	5,07692307692	4,36874236874
0,828	5,16971916972	4,36385836386
0,83	5,25274725275	4,35897435897
0,832	5,31135531136	4,34432234432
0,834	5,39926739927	4,33455433455
0,836	5,47252747253	4,32478632479
0,838	5,53601953602	4,30036630037
0,84	5,59951159951	4,28083028083
0,842	5,67277167277	4,26617826618
0,844	5,74603174603	4,24175824176
0,846	5,78021978022	4,21733821734
0,848	5,84371184371	4,19291819292
0,85	5,89743589744	4,17338217338
0,852	5,94627594628	4,11965811966
0,854	5,99023199023	4,09035409035
0,856	6,0293040293	4,05616605617
0,858	6,07326007326	4,01221001221
0,86	6,11233211233	3,96336996337
0,862	6,1514041514	3,92918192918
0,864	6,18070818071	3,87545787546
0,866	6,19536019536	3,82173382173
0,868	6,23443223443	3,78754578755
0,87	6,26373626374	3,73382173382
0,872	6,2735042735	3,67032967033
0,874	6,28815628816	3,62148962149
0,876	6,30280830281	3,56776556777
0,878	6,31257631258	3,50915750916
0,88	6,32234432234	3,44566544567
0,882	6,336996337	3,38217338217
0,884	6,33211233211	3,32356532357
0,886	6,33211233211	3,24542124542
0,888	6,33211233211	3,17216117216
0,89	6,30769230769	3,10866910867
0,892	6,28815628816	3,02564102564
0,894	6,2735042735	2,95238095238
0,896	6,25885225885	2,87423687424
0,898	6,23443223443	2,80586080586
0,9	6,2148962149	2,71794871795
0,902	6,18559218559	2,64468864469
0,904	6,16117216117	2,56166056166
0,906	6,12698412698	2,47374847375
0,908	6,09768009768	2,3956043956
0,91	6,04884004884	2,31257631258
0,912	6,00976800977	2,2148962149
0,914	5,9706959707	2,14163614164
0,916	5,92673992674	2,05372405372
0,918	5,86813186813	1,96581196581
0,92	5,82417582418	1,86813186813
0,922	5,77045177045	1,78021978022
0,924	5,70207570208	1,69230769231
0,926	5,63858363858	1,59462759463
0,928	5,57997557998	1,49694749695
0,93	5,51648351648	1,40415140415
0,932	5,44322344322	1,30158730159
0,934	5,37484737485	1,21367521368
0,936	5,30158730159	1,11111111111
0,938	5,21855921856	1,01831501832
0,94	5,14041514042	0,910866910867
0,942	5,06227106227	0,827838827839
0,944	4,98412698413	0,720390720391
0,946	4,89133089133	0,612942612943
0,948	4,80341880342	0,525030525031
0,95	4,71550671551	0,432234432234
0,952	4,61782661783	0,324786324786
0,954	4,52503052503	0,23199023199
0,956	4,43223443223	0,129426129426
0,958	4,33943833944	0,026862026862
0,96	4,23199023199	-0,0757020757021
0,962	4,14407814408	-0,163614163614
0,964	4,03174603175	-0,266178266178
0,966	3,92918192918	-0,363858363858
0,968	3,82173382173	-0,456654456654
0,97	3,72405372405	-0,554334554335
0,972	3,60683760684	-0,652014652015
0,974	3,49938949939	-0,754578754579
0,976	3,38705738706	-0,847374847375
0,978	3,27472527473	-0,940170940171
0,98	3,14774114774	-1,04761904762
0,982	3,04029304029	-1,13064713065
0,984	2,91819291819	-1,22344322344
0,986	2,80097680098	-1,32600732601
0,988	2,67887667888	-1,40903540904
0,99	2,56166056166	-1,50183150183
0,992	2,43956043956	-1,59951159951
0,994	2,32234432234	-1,69230769231
0,996	2,20024420024	-1,77533577534
0,998	2,06837606838	-1,86324786325
1	1,93650793651	-1,95115995116
1,002	1,82417582418	-2,03418803419
1,004	1,68742368742	-2,11721611722
1,006	1,57020757021	-2,21001221001
1,008	1,43833943834	-2,28327228327
1,01	1,31623931624	-2,35653235653
1,012	1,17948717949	-2,45421245421
1,014	1,06227106227	-2,52747252747
1,016	0,930402930403	-2,60073260073
1,018	0,793650793651	-2,68376068376
1,02	0,661782661783	-2,76678876679
1,022	0,544566544567	-2,83028083028
1,024	0,412698412698	-2,90842490842
1,026	0,28083028083	-2,98168498168
1,028	0,15873015873	-3,04517704518
1,03	0,026862026862	-3,10378510379
1,032	-0,10989010989	-3,18681318681
1,034	-0,23199023199	-3,24053724054
1,036	-0,358974358974	-3,30402930403
1,038	-0,485958485958	-3,36752136752
1,04	-0,617826617827	-3,44078144078
1,042	-0,739926739927	-3,48473748474
1,044	-0,871794871795	-3,53846153846
1,046	-0,998778998779	-3,60683760684
1,048	-1,12087912088	-3,65079365079
1,05	-1,24786324786	-3,69963369963
1,052	-1,37973137973	-3,75824175824
1,054	-1,50183150183	-3,8021978022
1,056	-1,60927960928	-3,85103785104
1,058	-1,73626373626	-3,89987789988
1,06	-1,86324786325	-3,94871794872
1,062	-1,97557997558	-3,97802197802
1,064	-2,09768009768	-4,01709401709
1,066	-2,2148962149	-4,06105006105
1,068	-2,32234432234	-4,09035409035
1,07	-2,44444444444	-4,12454212454
1,072	-2,55677655678	-4,15873015873
1,074	-2,66422466422	-4,18803418803
1,076	-2,77167277167	-4,20268620269
1,078	-2,87912087912	-4,23687423687
1,08	-2,98656898657	-4,26617826618
1,082	-3,08424908425	-4,27106227106
1,084	-3,1916971917	-4,29548229548
1,086	-3,29914529915	-4,31013431013
1,088	-3,39194139194	-4,3199023199
1,09	-3,48962148962	-4,3199023199
1,092	-3,5873015873	-4,33943833944
1,094	-3,67521367521	-4,34920634921
1,096	-3,75824175824	-4,34432234432
1,098	-3,85592185592	-4,34920634921
1,1	-3,93894993895	-4,36385836386
1,102	-4,02686202686	-4,34432234432
1,104	-4,10500610501	-4,34432234432
1,106	-4,18803418803	-4,34432234432
1,108	-4,26129426129	-4,32478632479
1,11	-4,32967032967	-4,31013431013
1,112	-4,40781440781	-4,30036630037
1,114	-4,47619047619	-4,2905982906
1,116	-4,5347985348	-4,26617826618
1,118	-4,60317460317	-4,25152625153
1,12	-4,66666666667	-4,23687423687
1,122	-4,71550671551	-4,1978021978
1,124	-4,77411477411	-4,16361416361
1,126	-4,82783882784	-4,14407814408
1,128	-4,87179487179	-4,10500610501
1,13	-4,92063492063	-4,07081807082
1,132	-4,96947496947	-4,04151404151
1,134	-5,00366300366	-3,99267399267
1,136	-5,04761904762	-3,95848595849
1,138	-5,07692307692	-3,91941391941
1,14	-5,115995116	-3,88034188034
1,142	-5,14041514042	-3,81684981685
1,144	-5,16483516484	-3,77777777778
1,146	-5,19413919414	-3,72893772894
1,148	-5,20879120879	-3,67032967033
1,15	-5,22344322344	-3,61172161172
1,152	-5,24297924298	-3,56288156288
1,154	-5,24786324786	-3,50915750916
1,156	-5,25763125763	-3,44566544567
1,158	-5,27716727717	-3,38705738706
1,16	-5,28205128205	-3,32844932845
1,162	-5,27716727717	-3,26007326007
1,164	-5,27228327228	-3,18681318681
1,166	-5,2673992674	-3,12820512821
1,168	-5,25274725275	-3,04517704518
1,17	-5,24297924298	-2,96703296703
1,172	-5,23321123321	-2,90354090354
1,174	-5,21367521368	-2,8253968254
1,176	-5,18437118437	-2,75213675214
1,178	-5,16483516484	-2,67887667888
1,18	-5,1452991453	-2,60561660562
1,182	-5,10622710623	-2,5177045177
1,184	-5,07203907204	-2,42979242979
1,186	-5,04273504274	-2,35653235653
1,188	-4,99389499389	-2,26373626374
1,19	-4,94505494505	-2,17094017094
1,192	-4,91086691087	-2,09768009768
1,194	-4,86691086691	-2,00976800977
1,196	-4,80341880342	-1,91208791209
1,198	-4,74969474969	-1,82417582418
1,2	-4,70573870574	-1,73626373626
1,202	-4,63736263736	-1,6336996337
1,204	-4,56898656899	-1,5409035409
1,206	-4,52014652015	-1,44810744811
1,208	-4,43223443223	-1,35531135531
1,21	-4,36874236874	-1,25274725275
1,212	-4,29548229548	-1,16483516484
1,214	-4,22710622711	-1,07203907204
1,216	-4,13431013431	-0,959706959707
1,218	-4,05616605617	-0,857142857143
1,22	-3,97313797314	-0,769230769231
1,222	-3,88034188034	-0,661782661783
1,224	-3,79731379731	-0,549450549451
1,226	-3,70451770452	-0,461538461538
1,228	-3,60683760684	-0,358974358974
1,23	-3,50915750916	-0,25641025641
1,232	-3,41636141636	-0,153846153846
1,234	-3,31868131868	-0,0610500610501
1,236	-3,21123321123	0,041514041514
1,238	-3,10866910867	0,153846153846
1,24	-3,01098901099	0,241758241758
1,242	-2,89865689866	0,349206349206
1,244	-2,77655677656	0,461538461538
1,246	-2,67887667888	0,554334554335
1,248	-2,55677655678	0,656898656899
1,25	-2,44444444444	0,759462759463
1,252	-2,32722832723	0,852258852259
1,254	-2,21978021978	0,949938949939
1,256	-2,08791208791	1,06227106227
1,258	-1,9706959707	1,15018315018
1,26	-1,8485958486	1,24297924298
1,262	-1,7264957265	1,35042735043
1,264	-1,59462759463	1,45299145299
1,266	-1,48717948718	1,5409035409
1,268	-1,35042735043	1,63858363858
1,27	-1,22344322344	1,7264957265
1,272	-1,10134310134	1,81929181929
1,274	-0,964590964591	1,89743589744
1,276	-0,837606837607	1,99023199023
1,278	-0,715506715507	2,08791208791
1,28	-0,583638583639	2,16605616606
1,282	-0,45177045177	2,25885225885
1,284	-0,319902319902	2,35164835165
1,286	-0,188034188034	2,42490842491
1,288	-0,0512820512821	2,51282051282
1,29	0,0708180708181	2,59584859585
1,292	0,202686202686	2,66910866911
1,294	0,32967032967	2,74725274725
1,296	0,471306471306	2,82051282051
1,298	0,603174603175	2,89865689866
1,3	0,725274725275	2,96703296703
1,302	0,866910866911	3,05006105006
1,304	0,998778998779	3,11843711844
1,306	1,12087912088	3,17704517705
1,308	1,25274725275	3,25518925519
1,31	1,3894993895	3,31868131868
1,312	1,51648351648	3,37728937729
1,314	1,63858363858	3,44566544567
1,316	1,77533577534	3,49938949939
1,318	1,90231990232	3,56288156288
1,32	2,03418803419	3,60683760684
1,322	2,15628815629	3,67521367521
1,324	2,28815628816	3,72405372405
1,326	2,40537240537	3,76312576313
1,328	2,53724053724	3,82173382173
1,33	2,65934065934	3,86568986569
1,332	2,78144078144	3,91941391941
1,334	2,90354090354	3,94383394383
1,336	3,03052503053	3,99267399267
1,338	3,14774114774	4,03174603175
1,34	3,25518925519	4,06593406593
1,342	3,37728937729	4,10989010989
1,344	3,48962148962	4,14407814408
1,346	3,59706959707	4,16361416361
1,348	3,71428571429	4,20268620269
1,35	3,81684981685	4,22222222222
1,352	3,92918192918	4,23199023199
1,354	4,03174603175	4,26129426129
1,356	4,13919413919	4,2905982906
1,358	4,24664224664	4,30525030525
1,36	4,34432234432	4,3199023199
1,362	4,45177045177	4,32967032967
1,364	4,54945054945	4,34432234432
1,366	4,63247863248	4,34432234432
1,368	4,73504273504	4,36385836386
1,37	4,82295482295	4,36385836386
1,372	4,90598290598	4,36874236874
1,374	4,99877899878	4,34920634921
1,376	5,08669108669	4,36385836386
1,378	5,16483516484	4,35897435897
1,38	5,24297924298	4,34920634921
1,382	5,32112332112	4,34920634921
1,384	5,3894993895	4,33943833944
1,386	5,46275946276	4,31501831502
1,388	5,5409035409	4,30036630037
1,39	5,61416361416	4,28571428571
1,392	5,67277167277	4,26129426129
1,394	5,7264957265	4,23199023199
1,396	5,79487179487	4,22222222222
1,398	5,8485958486	4,18315018315
1,4	5,89255189255	4,14896214896
1,402	5,95115995116	4,13431013431
1,404	6	4,09523809524
1,406	6,02442002442	4,05128205128
1,408	6,07814407814	4,01709401709
1,41	6,11721611722	3,96825396825
1,412	6,14652014652	3,91941391941
1,414	6,17094017094	3,88522588523
1,416	6,20512820513	3,8315018315
1,418	6,23443223443	3,78266178266
1,42	6,24908424908	3,71916971917
1,422	6,26862026862	3,6800976801
1,424	6,28327228327	3,62637362637
1,426	6,29792429792	3,557997558
1,428	6,32234432234	3,50427350427
1,43	6,33211233211	3,45543345543
1,432	6,32722832723	3,38705738706
1,434	6,33211233211	3,30402930403
1,436	6,33211233211	3,25030525031
1,438	6,32234432234	3,16727716728
1,44	6,30769230769	3,0989010989
1,442	6,29792429792	3,02564102564
1,444	6,27838827839	2,96214896215
1,446	6,25885225885	2,87423687424
1,448	6,24908424908	2,79609279609
1,45	6,21978021978	2,72283272283
1,452	6,19047619048	2,6398046398
1,454	6,15628815629	2,57142857143
1,456	6,12698412698	2,4884004884
1,458	6,0927960928	2,39072039072
1,46	6,04395604396	2,30769230769
1,462	6,01465201465	2,22466422466
1,464	5,9706959707	2,14163614164
1,466	5,92185592186	2,05372405372
1,468	5,8778998779	1,96092796093
1,47	5,82905982906	1,86813186813
1,472	5,7557997558	1,78021978022
1,474	5,70695970696	1,68742368742
1,476	5,64346764347	1,59462759463
1,478	5,58485958486	1,49694749695
1,48	5,5115995116	1,39438339438
1,482	5,45299145299	1,31135531136
1,484	5,36996336996	1,21367521368
1,486	5,2967032967	1,10134310134
1,488	5,22832722833	1,01343101343
1,49	5,14041514042	0,920634920635
1,492	5,0525030525	0,813186813187
1,494	4,97924297924	0,725274725275
1,496	4,88644688645	0,622710622711
1,498	4,8083028083	0,525030525031
1,5	4,69597069597	0,422466422466
1,502	4,62759462759	0,319902319902
1,504	4,52014652015	0,23199023199
1,506	4,42735042735	0,124542124542
1,508	4,33943833944	0,026862026862
1,51	4,24175824176	-0,0610500610501
1,512	4,12942612943	-0,173382173382
1,514	4,03663003663	-0,266178266178
1,516	3,93894993895	-0,358974358974
1,518	3,82173382173	-0,456654456654
1,52	3,7094017094	-0,568986568987
1,522	3,61172161172	-0,652014652015
1,524	3,50427350427	-0,744810744811
1,526	3,38217338217	-0,852258852259
1,528	3,27472527473	-0,945054945055
1,53	3,15750915751	-1,03296703297
1,532	3,04029304029	-1,13553113553
1,534	2,91330891331	-1,23321123321
1,536	2,80586080586	-1,32112332112
1,538	2,68864468864	-1,40903540904
1,54	2,55677655678	-1,50671550672
1,542	2,44444444444	-1,59462759463
1,544	2,32234432234	-1,68742368742
1,546	2,19536019536	-1,78021978022
1,548	2,07326007326	-1,86324786325
1,55	1,94139194139	-1,95115995116
1,552	1,82417582418	-2,04395604396
1,554	1,68253968254	-2,12698412698
1,556	1,56532356532	-2,20024420024
1,558	1,43833943834	-2,28327228327
1,56	1,30158730159	-2,37118437118
1,562	1,18925518926	-2,44444444444
1,564	1,06227106227	-2,52258852259
1,566	0,920634920635	-2,6105006105
1,568	0,803418803419	-2,68376068376
1,57	0,671550671551	-2,75702075702
1,572	0,539682539683	-2,83028083028
1,574	0,40293040293	-2,91330891331
1,576	0,285714285714	-2,97191697192
1,578	0,153846153846	-3,04517704518
1,58	0,017094017094	-3,11843711844
1,582	-0,0952380952381	-3,18192918193
1,584	-0,222222222222	-3,24542124542
1,586	-0,368742368742	-3,30891330891
1,588	-0,490842490842	-3,36752136752
1,59	-0,612942612943	-3,42612942613
1,592	-0,749694749695	-3,49450549451
1,594	-0,886446886447	-3,55311355311
1,596	-0,993894993895	-3,59706959707
1,598	-1,12087912088	-3,65079365079
1,6	-1,25274725275	-3,7094017094
1,602	-1,36996336996	-3,75824175824
1,604	-1,49694749695	-3,79731379731
1,606	-1,61904761905	-3,85592185592
1,608	-1,73137973138	-3,89499389499
1,61	-1,85836385836	-3,93894993895
1,612	-1,98046398046	-3,97802197802
1,614	-2,10744810745	-4,02197802198
1,616	-2,2148962149	-4,05128205128
1,618	-2,33211233211	-4,09035409035
1,62	-2,44932844933	-4,12942612943
1,622	-2,55677655678	-4,15384615385
1,624	-2,65934065934	-4,17826617827
1,626	-2,78144078144	-4,20757020757
1,628	-2,87912087912	-4,23199023199
1,63	-2,99145299145	-4,25152625153
1,632	-3,09401709402	-4,28083028083
1,634	-3,20146520147	-4,29548229548
1,636	-3,29426129426	-4,30525030525
1,638	-3,39194139194	-4,3199023199
1,64	-3,49450549451	-4,32967032967
1,642	-3,58241758242	-4,33455433455
1,644	-3,67032967033	-4,34432234432
1,646	-3,76800976801	-4,34920634921
1,648	-3,85592185592	-4,34920634921
1,65	-3,93406593407	-4,34920634921
1,652	-4,02197802198	-4,34432234432
1,654	-4,11477411477	-4,34432234432
1,656	-4,18315018315	-4,33943833944
1,658	-4,26129426129	-4,32478632479
1,66	-4,33943833944	-4,3199023199
1,662	-4,40781440781	-4,30036630037
1,664	-4,47130647131	-4,28083028083
1,666	-4,53968253968	-4,26617826618
1,668	-4,60317460317	-4,24664224664
1,67	-4,66178266178	-4,21733821734
1,672	-4,72527472527	-4,1978021978
1,674	-4,778998779	-4,16361416361
1,676	-4,82295482295	-4,13431013431
1,678	-4,87179487179	-4,10012210012
1,68	-4,9304029304	-4,0757020757
1,682	-4,96947496947	-4,03174603175
1,684	-5,00366300366	-3,98778998779
1,686	-5,04761904762	-3,96336996337
1,688	-5,07692307692	-3,91452991453
1,69	-5,11111111111	-3,86568986569
1,692	-5,14041514042	-3,82173382173
1,694	-5,1746031746	-3,77777777778
1,696	-5,18437118437	-3,72405372405
1,698	-5,20879120879	-3,67032967033
1,7	-5,23321123321	-3,62148962149
1,702	-5,2380952381	-3,557997558
1,704	-5,24786324786	-3,49450549451
1,706	-5,27228327228	-3,44078144078
1,708	-5,27228327228	-3,39194139194
1,71	-5,28205128205	-3,32356532357
1,712	-5,28205128205	-3,26007326007
1,714	-5,27716727717	-3,1916971917
1,716	-5,26251526252	-3,11355311355
1,718	-5,25274725275	-3,04517704518
1,72	-5,24786324786	-2,98656898657
1,722	-5,22344322344	-2,89865689866
1,724	-5,20390720391	-2,82051282051
1,726	-5,18925518926	-2,75702075702
1,728	-5,15995115995	-2,67887667888
1,73	-5,13553113553	-2,59096459096
1,732	-5,11111111111	-2,51282051282
1,734	-5,07692307692	-2,43956043956
1,736	-5,03785103785	-2,35164835165
1,738	-4,99389499389	-2,25396825397
1,74	-4,95970695971	-2,18070818071
1,742	-4,91086691087	-2,08791208791
1,744	-4,85714285714	-2
1,746	-4,8083028083	-1,91208791209
1,748	-4,75457875458	-1,81929181929
1,75	-4,6862026862	-1,7264957265
1,752	-4,63736263736	-1,63858363858
1,754	-4,57875457875	-1,55067155067
1,756	-4,50549450549	-1,44810744811
1,758	-4,43223443223	-1,34554334554
1,76	-4,37362637363	-1,24786324786
1,762	-4,29548229548	-1,15995115995
1,764	-4,20757020757	-1,0525030525
1,766	-4,13919413919	-0,954822954823
1,768	-4,05128205128	-0,862026862027
1,77	-3,96336996337	-0,754578754579
1,772	-3,88034188034	-0,652014652015
1,774	-3,8021978022	-0,564102564103
1,776	-3,69963369963	-0,456654456654
1,778	-3,60195360195	-0,35409035409
1,78	-3,51892551893	-0,261294261294
1,782	-3,41147741148	-0,148962148962
1,784	-3,30891330891	-0,046398046398
1,786	-3,21611721612	0,041514041514
1,788	-3,10378510379	0,148962148962
1,79	-3,00122100122	0,25641025641
1,792	-2,89865689866	0,35409035409
1,794	-2,78632478632	0,442002442002
1,796	-2,67887667888	0,554334554335
1,798	-2,55189255189	0,666666666667
1,8	-2,44932844933	0,754578754579
1,802	-2,32722832723	0,852258852259
1,804	-2,21001221001	0,959706959707
1,806	-2,08791208791	1,05738705739
1,808	-1,98046398046	1,15995115995
1,81	-1,83882783883	1,25274725275
1,812	-1,72161172161	1,35042735043
1,814	-1,6043956044	1,42857142857
1,816	-1,46764346764	1,5409035409
1,818	-1,34065934066	1,63858363858
1,82	-1,22832722833	1,73137973138
1,822	-1,09157509158	1,82417582418
1,824	-0,959706959707	1,91697191697
1,826	-0,842490842491	2
1,828	-0,700854700855	2,08302808303
1,83	-0,578754578755	2,18070818071
1,832	-0,446886446886	2,25885225885
1,834	-0,319902319902	2,34188034188
1,836	-0,18315018315	2,42979242979
1,838	-0,0512820512821	2,51282051282
1,84	0,0708180708181	2,58608058608
1,842	0,20757020757	2,66910866911
1,844	0,344322344322	2,75213675214
1,846	0,466422466422	2,83028083028
1,848	0,603174603175	2,89865689866
1,85	0,735042735043	2,98168498168
1,852	0,866910866911	3,05006105006
1,854	0,989010989011	3,10378510379
1,856	1,13064713065	3,18192918193
1,858	1,26251526252	3,26007326007
1,86	1,3894993895	3,3137973138
1,862	1,52136752137	3,37240537241
1,864	1,65811965812	3,44078144078
1,866	1,7851037851	3,49938949939
1,868	1,91208791209	3,54334554335
1,87	2,0293040293	3,61660561661
1,872	2,16117216117	3,67032967033
1,874	2,28327228327	3,71428571429
1,876	2,41025641026	3,77289377289
1,878	2,55189255189	3,82173382173
1,88	2,65934065934	3,86568986569
1,882	2,78632478632	3,91941391941
1,884	2,90842490842	3,95848595849
1,886	3,02564102564	3,99755799756
1,888	3,14285714286	4,03174603175
1,89	3,26007326007	4,07081807082
1,892	3,38705738706	4,10989010989
1,894	3,48962148962	4,13431013431
1,896	3,60195360195	4,17338217338
1,898	3,72405372405	4,1978021978
1,9	3,81684981685	4,22222222222
1,902	3,93406593407	4,24175824176
1,904	4,04151404151	4,27106227106
1,906	4,14407814408	4,28571428571
1,908	4,24664224664	4,30525030525
1,91	4,35409035409	4,3199023199
1,912	4,44688644689	4,33455433455
1,914	4,53968253968	4,34432234432
1,916	4,64224664225	4,35409035409
1,918	4,73992673993	4,35897435897
1,92	4,82295482295	4,35897435897
1,922	4,91575091575	4,36874236874
1,924	4,99877899878	4,37362637363
1,926	5,07692307692	4,35897435897
1,928	5,16971916972	4,35409035409
1,93	5,24297924298	4,35897435897
1,932	5,32112332112	4,33943833944
1,934	5,39438339438	4,32967032967
1,936	5,47252747253	4,3199023199
1,938	5,55067155067	4,30525030525
1,94	5,60927960928	4,28571428571
1,942	5,67277167277	4,26617826618
1,944	5,73626373626	4,24664224664
1,946	5,78998778999	4,21245421245
1,948	5,84371184371	4,18315018315
1,95	5,89743589744	4,15873015873
1,952	5,95115995116	4,12454212454
1,954	5,99023199023	4,08547008547
1,956	6,04395604396	4,0463980464
1,958	6,08302808303	4,01221001221
1,96	6,11721611722	3,96825396825
1,962	6,14652014652	3,91941391941
1,964	6,18559218559	3,88522588523
1,966	6,20024420024	3,8315018315
1,968	6,23443223443	3,77289377289
1,97	6,26373626374	3,72405372405
1,972	6,2735042735	3,6800976801
1,974	6,29304029304	3,62148962149
1,976	6,30769230769	3,56288156288
1,978	6,31746031746	3,50427350427
1,98	6,31746031746	3,44078144078
1,982	6,336996337	3,37240537241
1,984	6,34188034188	3,32356532357
1,986	6,32722832723	3,24542124542
1,988	6,31257631258	3,16727716728
1,99	6,30280830281	3,09401709402
1,992	6,30280830281	3,03540903541
1,994	6,2735042735	2,9474969475
1,996	6,25885225885	2,884004884
1,998	6,24908424908	2,80586080586
2	6,21978021978	2,71794871795
