Vernier Format 2
rc_prof rogiers.cmbl 24/02/2025 09:44:23 ,
Latest
Time	Potential 1	Potential 2
t	Pot 1	Pot 2
s	V	V

0	5,41391941392	4,38827838828
0,0004	5,33089133089	4,26129426129
0,0008	5,22832722833	4,14407814408
0,0012	5,13064713065	4,02686202686
0,0016	5,01831501832	3,89499389499
0,002	4,9010989011	3,76312576313
0,0024	4,778998779	3,62148962149
0,0028	4,6568986569	3,49450549451
0,0032	4,52991452991	3,35286935287
0,0036	4,4126984127	3,221001221
0,004	4,28083028083	3,07448107448
0,0044	4,14407814408	2,92796092796
0,0048	4,00244200244	2,77655677656
0,0052	3,86080586081	2,62026862027
0,0056	3,71428571429	2,46398046398
0,006	3,57264957265	2,31746031746
0,0064	3,43101343101	2,16117216117
0,0068	3,27960927961	2,00488400488
0,0072	3,12332112332	1,84371184371
0,0076	2,96703296703	1,66788766789
0,008	2,80097680098	1,49694749695
0,0084	2,64468864469	1,33577533578
0,0088	2,47863247863	1,1746031746
0,0092	2,32234432234	1,00366300366
0,0096	2,15628815629	0,842490842491
0,01	1,99023199023	0,671550671551
0,0104	1,81440781441	0,490842490842
0,0108	1,65323565324	0,32967032967
0,0112	1,47741147741	0,148962148962
0,0116	1,30647130647	-0,017094017094
0,012	1,14041514042	-0,18315018315
0,0124	0,974358974359	-0,349206349206
0,0128	0,798534798535	-0,525030525031
0,0132	0,617826617827	-0,691086691087
0,0136	0,456654456654	-0,862026862027
0,014	0,266178266178	-1,04273504274
0,0144	0,105006105006	-1,20390720391
0,0148	-0,0708180708181	-1,36507936508
0,0152	-0,23199023199	-1,53113553114
0,0156	-0,407814407814	-1,69719169719
0,016	-0,573870573871	-1,85836385836
0,0164	-0,749694749695	-2,0293040293
0,0168	-0,925518925519	-2,18559218559
0,0172	-1,09645909646	-2,34188034188
0,0176	-1,25763125763	-2,50305250305
0,018	-1,4188034188	-2,64957264957
0,0184	-1,57997557998	-2,80097680098
0,0188	-1,75091575092	-2,95726495726
0,0192	-1,90231990232	-3,10866910867
0,0196	-2,07326007326	-3,25518925519
0,02	-2,22954822955	-3,39682539683
0,0204	-2,38095238095	-3,53357753358
0,0208	-2,52258852259	-3,66544566545
0,0212	-2,67399267399	-3,79242979243
0,0216	-2,82051282051	-3,9242979243
0,022	-2,96703296703	-4,05128205128
0,0224	-3,10866910867	-4,17826617827
0,0228	-3,24542124542	-4,2905982906
0,0232	-3,37728937729	-4,40293040293
0,0236	-3,49938949939	-4,51526251526
0,024	-3,62148962149	-4,62271062271
0,0244	-3,74847374847	-4,72039072039
0,0248	-3,86080586081	-4,81807081807
0,0252	-3,98290598291	-4,91086691087
0,0256	-4,09035409035	-5,00854700855
0,026	-4,19291819292	-5,08669108669
0,0264	-4,28571428571	-5,15995115995
0,0268	-4,38339438339	-5,23321123321
0,0272	-4,48107448107	-5,30647130647
0,0276	-4,5641025641	-5,36996336996
0,028	-4,65201465201	-5,43345543346
0,0284	-4,72527472527	-5,4822954823
0,0288	-4,79365079365	-5,52625152625
0,0292	-4,86202686203	-5,57020757021
0,0296	-4,91575091575	-5,60927960928
0,03	-4,97435897436	-5,64346764347
0,0304	-5,02808302808	-5,67277167277
0,0308	-5,08180708181	-5,69230769231
0,0312	-5,115995116	-5,71184371184
0,0316	-5,15995115995	-5,72161172161
0,032	-5,18437118437	-5,72161172161
0,0324	-5,19902319902	-5,7264957265
0,0328	-5,21855921856	-5,7264957265
0,0332	-5,2380952381	-5,71672771673
0,0336	-5,25274725275	-5,70695970696
0,034	-5,2673992674	-5,69230769231
0,0344	-5,26251526252	-5,663003663
0,0348	-5,24786324786	-5,62881562882
0,0352	-5,23321123321	-5,58485958486
0,0356	-5,20879120879	-5,54578754579
0,036	-5,19413919414	-5,50671550672
0,0364	-5,1746031746	-5,45787545788
0,0368	-5,13553113553	-5,40415140415
0,0372	-5,09645909646	-5,34065934066
0,0376	-5,0525030525	-5,27228327228
0,038	-5,00366300366	-5,19413919414
0,0384	-4,94505494505	-5,12576312576
0,0388	-4,88644688645	-5,04273504274
0,0392	-4,82295482295	-4,95970695971
0,0396	-4,75946275946	-4,87667887668
0,04	-4,6862026862	-4,778998779
0,0404	-4,60317460317	-4,67643467643
0,0408	-4,51037851038	-4,5641025641
0,0412	-4,42246642247	-4,45665445665
0,0416	-4,32967032967	-4,33943833944
0,042	-4,23199023199	-4,23199023199
0,0424	-4,13431013431	-4,11477411477
0,0428	-4,01709401709	-3,98290598291
0,0432	-3,89499389499	-3,84615384615
0,0436	-3,77777777778	-3,7094017094
0,044	-3,65567765568	-3,57264957265
0,0444	-3,53357753358	-3,4358974359
0,0448	-3,40659340659	-3,28937728938
0,0452	-3,27472527473	-3,15262515263
0,0456	-3,13797313797	-2,99633699634
0,046	-2,99145299145	-2,84493284493
0,0464	-2,84493284493	-2,68864468864
0,0468	-2,7032967033	-2,53235653236
0,0472	-2,55189255189	-2,37606837607
0,0476	-2,40048840049	-2,21001221001
0,048	-2,25396825397	-2,04884004884
0,0484	-2,0927960928	-1,88766788767
0,0488	-1,92673992674	-1,71672771673
0,0492	-1,77045177045	-1,5409035409
0,0496	-1,59462759463	-1,36996336996
0,05	-1,43345543346	-1,20390720391
0,0504	-1,26251526252	-1,02808302808
0,0508	-1,09157509158	-0,866910866911
0,0512	-0,930402930403	-0,686202686203
0,0516	-0,754578754579	-0,510378510379
0,052	-0,578754578755	-0,32967032967
0,0524	-0,407814407814	-0,153846153846
0,0528	-0,23199023199	0,01221001221
0,0532	-0,0610500610501	0,18315018315
0,0536	0,105006105006	0,339438339438
0,054	0,28083028083	0,520146520147
0,0544	0,456654456654	0,695970695971
0,0548	0,642246642247	0,876678876679
0,0552	0,813186813187	1,04761904762
0,0556	0,984126984127	1,20879120879
0,056	1,15995115995	1,37484737485
0,0564	1,32600732601	1,5409035409
0,0568	1,49206349206	1,70695970696
0,0572	1,67765567766	1,87301587302
0,0576	1,85347985348	2,03907203907
0,058	2,01953601954	2,20512820513
0,0584	2,18070818071	2,35164835165
0,0588	2,35164835165	2,51282051282
0,0592	2,50793650794	2,66910866911
0,0596	2,67887667888	2,81562881563
0,06	2,83516483516	2,97191697192
0,0604	3,00122100122	3,10866910867
0,0608	3,16239316239	3,26495726496
0,0612	3,31868131868	3,39682539683
0,0616	3,47008547009	3,53846153846
0,062	3,61660561661	3,67521367521
0,0624	3,75824175824	3,8021978022
0,0628	3,90476190476	3,92918192918
0,0632	4,05128205128	4,06105006105
0,0636	4,19291819292	4,18315018315
0,064	4,32967032967	4,2905982906
0,0644	4,45665445665	4,40293040293
0,0648	4,58363858364	4,51526251526
0,0652	4,70573870574	4,61782661783
0,0656	4,82783882784	4,72527472527
0,066	4,94505494505	4,82783882784
0,0664	5,06715506716	4,91575091575
0,0668	5,17948717949	4,99877899878
0,0672	5,27716727717	5,08669108669
0,0676	5,37484737485	5,15506715507
0,068	5,47252747253	5,23321123321
0,0684	5,57020757021	5,30647130647
0,0688	5,64835164835	5,37484737485
0,0692	5,73626373626	5,43345543346
0,0696	5,81440781441	5,49206349206
0,07	5,88278388278	5,53113553114
0,0704	5,94627594628	5,57509157509
0,0708	6,00488400488	5,6043956044
0,0712	6,06349206349	5,6336996337
0,0716	6,10744810745	5,67765567766
0,072	6,16117216117	5,69230769231
0,0724	6,19536019536	5,71184371184
0,0728	6,22954822955	5,71672771673
0,0732	6,26373626374	5,7264957265
0,0736	6,2735042735	5,71184371184
0,074	6,30280830281	5,71184371184
0,0744	6,31746031746	5,70207570208
0,0748	6,33211233211	5,70207570208
0,0752	6,33211233211	5,67277167277
0,0756	6,32234432234	5,6336996337
0,076	6,31257631258	5,60927960928
0,0764	6,28815628816	5,55067155067
0,0768	6,2735042735	5,5115995116
0,0772	6,2442002442	5,47252747253
0,0776	6,21978021978	5,42368742369
0,078	6,17582417582	5,35531135531
0,0784	6,14163614164	5,2967032967
0,0788	6,08791208791	5,22344322344
0,0792	6,03418803419	5,14041514042
0,0796	5,97557997558	5,06715506716
0,08	5,92185592186	4,97924297924
0,0804	5,85347985348	4,9010989011
0,0808	5,78021978022	4,80341880342
0,0812	5,70207570208	4,71062271062
0,0816	5,61904761905	4,60805860806
0,082	5,52136752137	4,49084249084
0,0824	5,43345543346	4,38827838828
0,0828	5,33577533578	4,27106227106
0,0832	5,2380952381	4,15873015873
0,0836	5,14041514042	4,04151404151
0,084	5,03296703297	3,90476190476
0,0844	4,91086691087	3,77289377289
0,0848	4,78876678877	3,63614163614
0,0852	4,67155067155	3,50427350427
0,0856	4,53968253968	3,36263736264
0,086	4,42735042735	3,23076923077
0,0864	4,2905982906	3,08913308913
0,0868	4,15873015873	2,93772893773
0,0872	4,01709401709	2,79120879121
0,0876	3,87545787546	2,63003663004
0,088	3,73382173382	2,48351648352
0,0884	3,59218559219	2,32722832723
0,0888	3,44078144078	2,17094017094
0,0892	3,29426129426	2,01953601954
0,0896	3,13797313797	1,8485958486
0,09	2,9768009768	1,68253968254
0,0904	2,81562881563	1,5115995116
0,0908	2,65445665446	1,35042735043
0,0912	2,49328449328	1,18925518926
0,0916	2,33211233211	1,01831501832
0,092	2,17094017094	0,857142857143
0,0924	2	0,686202686203
0,0928	1,83394383394	0,515262515263
0,0932	1,66788766789	0,344322344322
0,0936	1,48717948718	0,168498168498
0,094	1,32112332112	-0,002442002442
0,0944	1,15018315018	-0,168498168498
0,0948	0,989010989011	-0,334554334554
0,0952	0,813186813187	-0,505494505495
0,0956	0,637362637363	-0,676434676435
0,096	0,471306471306	-0,847374847375
0,0964	0,285714285714	-1,0231990232
0,0968	0,114774114774	-1,18925518926
0,0972	-0,0512820512821	-1,35531135531
0,0976	-0,217338217338	-1,5115995116
0,098	-0,398046398046	-1,68253968254
0,0984	-0,564102564103	-1,8485958486
0,0988	-0,739926739927	-2,00488400488
0,0992	-0,915750915751	-2,17582417582
0,0996	-1,08180708181	-2,33211233211
0,1	-1,24297924298	-2,4884004884
0,1004	-1,39926739927	-2,63003663004
0,1008	-1,56532356532	-2,79120879121
0,1012	-1,73626373626	-2,9474969475
0,1016	-1,89743589744	-3,08913308913
0,102	-2,05372405372	-3,24542124542
0,1024	-2,2148962149	-3,38217338217
0,1028	-2,36141636142	-3,51892551893
0,1032	-2,50793650794	-3,64590964591
0,1036	-2,66422466422	-3,78754578755
0,104	-2,80586080586	-3,91452991453
0,1044	-2,9474969475	-4,04151404151
0,1048	-3,0989010989	-4,1684981685
0,1052	-3,23076923077	-4,2905982906
0,1056	-3,36263736264	-4,39804639805
0,106	-3,48473748474	-4,50549450549
0,1064	-3,61172161172	-4,60805860806
0,1068	-3,72893772894	-4,71062271062
0,1072	-3,85103785104	-4,81318681319
0,1076	-3,97313797314	-4,91086691087
0,108	-4,08058608059	-4,99389499389
0,1084	-4,18315018315	-5,07692307692
0,1088	-4,27594627595	-5,15506715507
0,1092	-4,37851037851	-5,22344322344
0,1096	-4,46642246642	-5,30158730159
0,11	-4,55921855922	-5,36507936508
0,1104	-4,64713064713	-5,43345543346
0,1108	-4,72039072039	-5,47741147741
0,1112	-4,78876678877	-5,52625152625
0,1116	-4,85225885226	-5,57020757021
0,112	-4,91575091575	-5,6043956044
0,1124	-4,96947496947	-5,63858363858
0,1128	-5,0231990232	-5,66788766789
0,1132	-5,08180708181	-5,68742368742
0,1136	-5,115995116	-5,71184371184
0,114	-5,15506715507	-5,71672771673
0,1144	-5,17948717949	-5,72161172161
0,1148	-5,20390720391	-5,72161172161
0,1152	-5,22344322344	-5,72161172161
0,1156	-5,2380952381	-5,71672771673
0,116	-5,25274725275	-5,70207570208
0,1164	-5,2673992674	-5,69230769231
0,1168	-5,26251526252	-5,66788766789
0,1172	-5,25274725275	-5,62881562882
0,1176	-5,22832722833	-5,58974358974
0,118	-5,21855921856	-5,55067155067
0,1184	-5,19413919414	-5,50671550672
0,1188	-5,1746031746	-5,45787545788
0,1192	-5,1452991453	-5,40903540904
0,1196	-5,10134310134	-5,34554334554
0,12	-5,06227106227	-5,27228327228
0,1204	-4,99877899878	-5,20390720391
0,1208	-4,94993894994	-5,13064713065
0,1212	-4,89621489621	-5,04761904762
0,1216	-4,83272283272	-4,95970695971
0,122	-4,76923076923	-4,88156288156
0,1224	-4,69108669109	-4,78388278388
0,1228	-4,60805860806	-4,68131868132
0,1232	-4,51526251526	-4,57387057387
0,1236	-4,42735042735	-4,46153846154
0,124	-4,33455433455	-4,34920634921
0,1244	-4,23687423687	-4,24175824176
0,1248	-4,13919413919	-4,11965811966
0,1252	-4,02686202686	-3,99267399267
0,1256	-3,90964590965	-3,86080586081
0,126	-3,79242979243	-3,71916971917
0,1264	-3,67032967033	-3,5873015873
0,1268	-3,54822954823	-3,44566544567
0,1272	-3,41147741148	-3,30402930403
0,1276	-3,28937728938	-3,16239316239
0,128	-3,15262515263	-3,02075702076
0,1284	-3,01098901099	-2,85958485958
0,1288	-2,85958485958	-2,7032967033
0,1292	-2,71306471306	-2,54212454212
0,1296	-2,56654456654	-2,38583638584
0,13	-2,41514041514	-2,22466422466
0,1304	-2,26862026862	-2,06349206349
0,1308	-2,10744810745	-1,9072039072
0,1312	-1,94139194139	-1,73137973138
0,1316	-1,78021978022	-1,55555555556
0,132	-1,61416361416	-1,38461538462
0,1324	-1,44322344322	-1,21855921856
0,1328	-1,28205128205	-1,04273504274
0,1332	-1,115995116	-0,871794871795
0,1336	-0,949938949939	-0,705738705739
0,134	-0,778998778999	-0,529914529915
0,1344	-0,598290598291	-0,344322344322
0,1348	-0,422466422466	-0,173382173382
0,1352	-0,246642246642	-0,002442002442
0,1356	-0,0708180708181	0,168498168498
0,136	0,0952380952381	0,339438339438
0,1364	0,261294261294	0,510378510379
0,1368	0,442002442002	0,681318681319
0,1372	0,612942612943	0,857142857143
0,1376	0,793650793651	1,0231990232
0,138	0,969474969475	1,19902319902
0,1384	1,14041514042	1,36507936508
0,1388	1,31623931624	1,52625152625
0,1392	1,4822954823	1,69230769231
0,1396	1,65811965812	1,85836385836
0,14	1,82417582418	2,01953601954
0,1404	2,00976800977	2,18559218559
0,1408	2,17094017094	2,34676434676
0,1412	2,336996337	2,49816849817
0,1416	2,50305250305	2,64957264957
0,142	2,66422466422	2,80097680098
0,1424	2,82051282051	2,95238095238
0,1428	2,98656898657	3,11355311355
0,1432	3,15750915751	3,25030525031
0,1436	3,30402930403	3,38705738706
0,144	3,45543345543	3,52380952381
0,1444	3,60683760684	3,66056166056
0,1448	3,74358974359	3,78754578755
0,1452	3,89499389499	3,91941391941
0,1456	4,04151404151	4,0463980464
0,146	4,17826617827	4,1684981685
0,1464	4,31013431013	4,2905982906
0,1468	4,44688644689	4,39804639805
0,1472	4,56898656899	4,50549450549
0,1476	4,69597069597	4,61294261294
0,148	4,81807081807	4,71062271062
0,1484	4,94017094017	4,8083028083
0,1488	5,04761904762	4,91086691087
0,1492	5,16483516484	4,99877899878
0,1496	5,2673992674	5,08180708181
0,15	5,36996336996	5,15995115995
0,1504	5,46275946276	5,23321123321
0,1508	5,55067155067	5,2967032967
0,1512	5,64346764347	5,36507936508
0,1516	5,7264957265	5,42857142857
0,152	5,80952380952	5,4822954823
0,1524	5,87301587302	5,53113553114
0,1528	5,94139194139	5,57509157509
0,1532	6,00488400488	5,6043956044
0,1536	6,04884004884	5,6336996337
0,154	6,10744810745	5,66788766789
0,1544	6,15628815629	5,69719169719
0,1548	6,20024420024	5,70695970696
0,1552	6,22954822955	5,71184371184
0,1556	6,25396825397	5,72161172161
0,156	6,28815628816	5,71184371184
0,1564	6,29304029304	5,70695970696
0,1568	6,31746031746	5,70695970696
0,1572	6,33211233211	5,68742368742
0,1576	6,33211233211	5,67765567766
0,158	6,32722832723	5,64346764347
0,1584	6,31257631258	5,59951159951
0,1588	6,29792429792	5,56043956044
0,1592	6,26862026862	5,5115995116
0,1596	6,2442002442	5,46764346764
0,16	6,21978021978	5,42368742369
0,1604	6,18070818071	5,36507936508
0,1608	6,14163614164	5,30158730159
0,1612	6,0927960928	5,22832722833
0,1616	6,04395604396	5,15995115995
0,162	5,97557997558	5,06715506716
0,1624	5,91697191697	4,99389499389
0,1628	5,8485958486	4,90598290598
0,1632	5,78998778999	4,82295482295
0,1636	5,70695970696	4,71550671551
0,164	5,62881562882	4,61782661783
0,1644	5,53601953602	4,51526251526
0,1648	5,44322344322	4,39316239316
0,1652	5,34065934066	4,28083028083
0,1656	5,24297924298	4,16361416361
0,166	5,15018315018	4,05128205128
0,1664	5,03296703297	3,91941391941
0,1668	4,92551892552	3,79242979243
0,1672	4,80341880342	3,65567765568
0,1676	4,68131868132	3,51892551893
0,168	4,55921855922	3,38705738706
0,1684	4,43223443223	3,24542124542
0,1688	4,30525030525	3,10378510379
0,1692	4,1684981685	2,95726495726
0,1696	4,03174603175	2,80586080586
0,17	3,89499389499	2,65445665446
0,1704	3,74358974359	2,49328449328
0,1708	3,59706959707	2,34188034188
0,1712	3,45054945055	2,18559218559
0,1716	3,30402930403	2,03418803419
0,172	3,15750915751	1,86813186813
0,1724	3,00122100122	1,71184371184
0,1728	2,83516483516	1,53601953602
0,1732	2,67887667888	1,36507936508
0,1736	2,50793650794	1,20390720391
0,174	2,35164835165	1,03785103785
0,1744	2,18559218559	0,871794871795
0,1748	2,01953601954	0,705738705739
0,1752	1,85347985348	0,529914529915
0,1756	1,67765567766	0,35409035409
0,176	1,5115995116	0,178266178266
0,1764	1,33577533578	0,01221001221
0,1768	1,16971916972	-0,148962148962
0,1772	1,00366300366	-0,324786324786
0,1776	0,827838827839	-0,495726495726
0,178	0,656898656899	-0,661782661783
0,1784	0,481074481074	-0,832722832723
0,1788	0,30525030525	-1,01343101343
0,1792	0,129426129426	-1,1746031746
0,1796	-0,03663003663	-1,34065934066
0,18	-0,212454212454	-1,50183150183
0,1804	-0,37851037851	-1,663003663
0,1808	-0,544566544567	-1,82905982906
0,1812	-0,720390720391	-1,99023199023
0,1816	-0,891330891331	-2,16605616606
0,182	-1,06227106227	-2,31746031746
0,1824	-1,22832722833	-2,47374847375
0,1828	-1,3894993895	-2,62515262515
0,1832	-1,55555555556	-2,77167277167
0,1836	-1,71184371184	-2,92796092796
0,184	-1,8778998779	-3,07448107448
0,1844	-2,03418803419	-3,22588522589
0,1848	-2,19536019536	-3,36752136752
0,1852	-2,35164835165	-3,50915750916
0,1856	-2,50305250305	-3,64102564103
0,186	-2,64468864469	-3,76800976801
0,1864	-2,79120879121	-3,89987789988
0,1868	-2,93772893773	-4,02686202686
0,1872	-3,07936507937	-4,14896214896
0,1876	-3,21611721612	-4,27106227106
0,188	-3,34798534799	-4,38339438339
0,1884	-3,47496947497	-4,50061050061
0,1888	-3,60195360195	-4,59340659341
0,1892	-3,71916971917	-4,70085470085
0,1896	-3,84615384615	-4,79853479853
0,19	-3,95848595849	-4,89133089133
0,1904	-4,06593406593	-4,98901098901
0,1908	-4,17826617827	-5,07203907204
0,1912	-4,27106227106	-5,15506715507
0,1916	-4,36385836386	-5,21367521368
0,192	-4,45665445665	-5,28693528694
0,1924	-4,54945054945	-5,35531135531
0,1928	-4,63247863248	-5,4188034188
0,1932	-4,71062271062	-5,47741147741
0,1936	-4,78388278388	-5,52625152625
0,194	-4,85225885226	-5,56532356532
0,1944	-4,91086691087	-5,59462759463
0,1948	-4,95970695971	-5,6336996337
0,1952	-5,01343101343	-5,66788766789
0,1956	-5,06227106227	-5,69230769231
0,196	-5,10134310134	-5,71672771673
0,1964	-5,15018315018	-5,7264957265
0,1968	-5,17948717949	-5,73137973138
0,1972	-5,20390720391	-5,73137973138
0,1976	-5,21855921856	-5,71672771673
0,198	-5,2380952381	-5,71672771673
0,1984	-5,24786324786	-5,70207570208
0,1988	-5,2673992674	-5,70207570208
0,1992	-5,2673992674	-5,67277167277
0,1996	-5,25274725275	-5,6336996337
0,2	-5,24297924298	-5,59462759463
0,2004	-5,21855921856	-5,55555555556
0,2008	-5,19413919414	-5,50671550672
0,2012	-5,1746031746	-5,46275946276
0,2016	-5,14041514042	-5,40903540904
0,202	-5,10622710623	-5,35531135531
0,2024	-5,06715506716	-5,28205128205
0,2028	-5,01831501832	-5,21367521368
0,2032	-4,95482295482	-5,14041514042
0,2036	-4,89621489621	-5,05738705739
0,204	-4,83760683761	-4,97435897436
0,2044	-4,76434676435	-4,88644688645
0,2048	-4,70085470085	-4,79365079365
0,2052	-4,61782661783	-4,69597069597
0,2056	-4,52991452991	-4,58852258852
0,206	-4,43711843712	-4,47130647131
0,2064	-4,33455433455	-4,36385836386
0,2068	-4,24664224664	-4,24664224664
0,2072	-4,13431013431	-4,12942612943
0,2076	-4,03663003663	-4,00732600733
0,208	-3,91941391941	-3,87545787546
0,2084	-3,8021978022	-3,73870573871
0,2088	-3,67521367521	-3,59706959707
0,2092	-3,54822954823	-3,4652014652
0,2096	-3,42612942613	-3,31868131868
0,21	-3,29914529915	-3,17216117216
0,2104	-3,16239316239	-3,03052503053
0,2108	-3,02564102564	-2,87912087912
0,2112	-2,87912087912	-2,71794871795
0,2116	-2,7326007326	-2,55677655678
0,212	-2,5811965812	-2,3956043956
0,2124	-2,42490842491	-2,23931623932
0,2128	-2,2735042735	-2,07326007326
0,2132	-2,11233211233	-1,92185592186
0,2136	-1,96092796093	-1,75091575092
0,214	-1,79975579976	-1,57509157509
0,2144	-1,62393162393	-1,39438339438
0,2148	-1,45787545788	-1,22832722833
0,2152	-1,2967032967	-1,05738705739
0,2156	-1,12576312576	-0,886446886447
0,216	-0,954822954823	-0,720390720391
0,2164	-0,793650793651	-0,544566544567
0,2168	-0,617826617827	-0,368742368742
0,2172	-0,442002442002	-0,188034188034
0,2176	-0,261294261294	-0,01221001221
0,218	-0,0903540903541	0,153846153846
0,2184	0,0805860805861	0,324786324786
0,2188	0,25641025641	0,490842490842
0,2192	0,42735042735	0,666666666667
0,2196	0,598290598291	0,837606837607
0,22	0,778998778999	1,01343101343
0,2204	0,954822954823	1,17948717949
0,2208	1,12576312576	1,35042735043
0,2212	1,30158730159	1,51648351648
0,2216	1,47252747253	1,68253968254
0,222	1,63858363858	1,84371184371
0,2224	1,80952380952	2,00488400488
0,2228	1,98534798535	2,16605616606
0,2232	2,16117216117	2,33211233211
0,2236	2,32722832723	2,4884004884
0,224	2,4884004884	2,6398046398
0,2244	2,64957264957	2,79120879121
0,2248	2,81562881563	2,93772893773
0,2252	2,97191697192	3,08913308913
0,2256	3,13308913309	3,23565323565
0,226	3,28937728938	3,38705738706
0,2264	3,45054945055	3,50915750916
0,2268	3,59706959707	3,65567765568
0,2272	3,74358974359	3,78266178266
0,2276	3,89010989011	3,90476190476
0,228	4,02197802198	4,03174603175
0,2284	4,1684981685	4,15873015873
0,2288	4,30036630037	4,27594627595
0,2292	4,43711843712	4,39316239316
0,2296	4,55921855922	4,50061050061
0,23	4,6862026862	4,60317460317
0,2304	4,79853479853	4,69597069597
0,2308	4,91575091575	4,79853479853
0,2312	5,04273504274	4,89621489621
0,2316	5,15995115995	4,99389499389
0,232	5,2673992674	5,07203907204
0,2324	5,3601953602	5,15018315018
0,2328	5,45787545788	5,22832722833
0,2332	5,55067155067	5,28693528694
0,2336	5,63858363858	5,3601953602
0,234	5,72161172161	5,4188034188
0,2344	5,80463980464	5,47741147741
0,2348	5,87301587302	5,53113553114
0,2352	5,93650793651	5,57020757021
0,2356	6	5,60927960928
0,236	6,04884004884	5,62881562882
0,2364	6,10256410256	5,66788766789
0,2368	6,1514041514	5,68742368742
0,2372	6,19536019536	5,70695970696
0,2376	6,22954822955	5,72161172161
0,238	6,25885225885	5,72161172161
0,2384	6,27838827839	5,71672771673
0,2388	6,29792429792	5,70695970696
0,2392	6,31257631258	5,69719169719
0,2396	6,32234432234	5,69230769231
0,24	6,33211233211	5,67277167277
0,2404	6,33211233211	5,64835164835
0,2408	6,30769230769	5,60927960928
0,2412	6,30280830281	5,57020757021
0,2416	6,26862026862	5,52136752137
0,242	6,2442002442	5,47252747253
0,2424	6,21001221001	5,42368742369
0,2428	6,19047619048	5,36996336996
0,2432	6,14652014652	5,31135531136
0,2436	6,09768009768	5,23321123321
0,244	6,05372405372	5,16971916972
0,2444	5,99023199023	5,08180708181
0,2448	5,92673992674	4,99877899878
0,2452	5,85836385836	4,91086691087
0,2456	5,7851037851	4,82295482295
0,246	5,72161172161	4,73992673993
0,2464	5,6336996337	4,61782661783
0,2468	5,54578754579	4,51526251526
0,2472	5,44810744811	4,40781440781
0,2476	5,35531135531	4,2905982906
0,248	5,25763125763	4,1684981685
0,2484	5,15018315018	4,05128205128
0,2488	5,04761904762	3,92918192918
0,2492	4,93528693529	3,8021978022
0,2496	4,82295482295	3,67032967033
0,25	4,69597069597	3,52869352869
0,2504	4,56898656899	3,39194139194
0,2508	4,43711843712	3,25030525031
0,2512	4,31013431013	3,10866910867
0,2516	4,18315018315	2,9768009768
0,252	4,05128205128	2,8253968254
0,2524	3,90964590965	2,66910866911
0,2528	3,76312576313	2,51282051282
0,2532	3,61660561661	2,35164835165
0,2536	3,4652014652	2,19047619048
0,254	3,3137973138	2,03907203907
0,2544	3,16727716728	1,88278388278
0,2548	3,01098901099	1,72161172161
0,2552	2,8547008547	1,55555555556
0,2556	2,68864468864	1,39438339438
0,256	2,52747252747	1,20879120879
0,2564	2,35653235653	1,0525030525
0,2568	2,19536019536	0,881562881563
0,2572	2,03418803419	0,710622710623
0,2576	1,87301587302	0,549450549451
0,258	1,69719169719	0,368742368742
0,2584	1,52625152625	0,202686202686
0,2588	1,35531135531	0,021978021978
0,2592	1,17948717949	-0,144078144078
0,2596	1,00854700855	-0,315018315018
0,26	0,842490842491	-0,47619047619
0,2604	0,671550671551	-0,647130647131
0,2608	0,500610500611	-0,818070818071
0,2612	0,324786324786	-0,984126984127
0,2616	0,139194139194	-1,16971916972
0,262	-0,026862026862	-1,33089133089
0,2624	-0,192918192918	-1,49206349206
0,2628	-0,363858363858	-1,65811965812
0,2632	-0,534798534799	-1,81440781441
0,2636	-0,705738705739	-1,97557997558
0,264	-0,876678876679	-2,13675213675
0,2644	-1,04273504274	-2,29792429792
0,2648	-1,21367521368	-2,46398046398
0,2652	-1,37973137973	-2,61538461538
0,2656	-1,54578754579	-2,76678876679
0,266	-1,70207570208	-2,90842490842
0,2664	-1,86324786325	-3,05982905983
0,2668	-2,01953601954	-3,20634920635
0,2672	-2,18070818071	-3,35286935287
0,2676	-2,34188034188	-3,49938949939
0,268	-2,4884004884	-3,63125763126
0,2684	-2,6398046398	-3,76312576313
0,2688	-2,78632478632	-3,88522588523
0,2692	-2,92307692308	-4,01709401709
0,2696	-3,06471306471	-4,13919413919
0,27	-3,20146520147	-4,25641025641
0,2704	-3,33821733822	-4,38339438339
0,2708	-3,4652014652	-4,49084249084
0,2712	-3,59218559219	-4,59340659341
0,2716	-3,7094017094	-4,6862026862
0,272	-3,82661782662	-4,79365079365
0,2724	-3,94871794872	-4,88644688645
0,2728	-4,05616605617	-4,97924297924
0,2732	-4,16361416361	-5,07203907204
0,2736	-4,27106227106	-5,15018315018
0,274	-4,36385836386	-5,21367521368
0,2744	-4,45665445665	-5,28693528694
0,2748	-4,5347985348	-5,35042735043
0,2752	-4,61782661783	-5,41391941392
0,2756	-4,70085470085	-5,46764346764
0,276	-4,77411477411	-5,52625152625
0,2764	-4,84249084249	-5,56532356532
0,2768	-4,90598290598	-5,59951159951
0,2772	-4,95970695971	-5,63858363858
0,2776	-5,00854700855	-5,65811965812
0,278	-5,06227106227	-5,68742368742
0,2784	-5,10622710623	-5,70695970696
0,2788	-5,1452991453	-5,7264957265
0,2792	-5,1746031746	-5,73137973138
0,2796	-5,20390720391	-5,73626373626
0,28	-5,22832722833	-5,7264957265
0,2804	-5,23321123321	-5,71672771673
0,2808	-5,24786324786	-5,70695970696
0,2812	-5,26251526252	-5,69719169719
0,2816	-5,2673992674	-5,663003663
0,282	-5,25274725275	-5,64346764347
0,2824	-5,24297924298	-5,6043956044
0,2828	-5,22344322344	-5,56043956044
0,2832	-5,19902319902	-5,51648351648
0,2836	-5,1746031746	-5,46275946276
0,284	-5,1452991453	-5,40903540904
0,2844	-5,10622710623	-5,35042735043
0,2848	-5,07203907204	-5,2967032967
0,2852	-5,0231990232	-5,22344322344
0,2856	-4,95970695971	-5,1452991453
0,286	-4,90598290598	-5,05738705739
0,2864	-4,83760683761	-4,97924297924
0,2868	-4,76923076923	-4,88644688645
0,2872	-4,69597069597	-4,79853479853
0,2876	-4,62271062271	-4,70573870574
0,288	-4,5347985348	-4,59829059829
0,2884	-4,44688644689	-4,49084249084
0,2888	-4,34920634921	-4,36874236874
0,2892	-4,25152625153	-4,25641025641
0,2896	-4,14896214896	-4,13431013431
0,29	-4,03663003663	-4,00732600733
0,2904	-3,93406593407	-3,88522588523
0,2908	-3,81684981685	-3,75335775336
0,2912	-3,68986568987	-3,61660561661
0,2916	-3,56288156288	-3,47008547009
0,292	-3,43101343101	-3,32844932845
0,2924	-3,30891330891	-3,18681318681
0,2928	-3,16727716728	-3,03540903541
0,2932	-3,03052503053	-2,89865689866
0,2936	-2,88888888889	-2,73748473748
0,294	-2,73748473748	-2,57631257631
0,2944	-2,58608058608	-2,41025641026
0,2948	-2,43467643468	-2,24908424908
0,2952	-2,28327228327	-2,08791208791
0,2956	-2,12698412698	-1,92673992674
0,296	-1,9706959707	-1,76556776557
0,2964	-1,81440781441	-1,58485958486
0,2968	-1,64346764347	-1,4188034188
0,2972	-1,46764346764	-1,24297924298
0,2976	-1,31135531136	-1,07203907204
0,298	-1,1452991453	-0,901098901099
0,2984	-0,969474969475	-0,730158730159
0,2988	-0,808302808303	-0,564102564103
0,2992	-0,632478632479	-0,383394383394
0,2996	-0,461538461538	-0,217338217338
0,3	-0,275946275946	-0,03663003663
0,3004	-0,105006105006	0,139194139194
0,3008	0,0659340659341	0,310134310134
0,3012	0,236874236874	0,47619047619
0,3016	0,40293040293	0,647130647131
0,302	0,583638583639	0,822954822955
0,3024	0,759462759463	0,998778998779
0,3028	0,930402930403	1,16971916972
0,3032	1,11111111111	1,33577533578
0,3036	1,29181929182	1,50671550672
0,304	1,45787545788	1,66788766789
0,3044	1,62881562882	1,82905982906
0,3048	1,79487179487	1,99023199023
0,3052	1,96581196581	2,16117216117
0,3056	2,14163614164	2,31257631258
0,306	2,31257631258	2,48351648352
0,3064	2,47863247863	2,62515262515
0,3068	2,64468864469	2,78144078144
0,3072	2,80097680098	2,93284493284
0,3076	2,96214896215	3,07936507937
0,308	3,11843711844	3,221001221
0,3084	3,26984126984	3,36263736264
0,3088	3,44078144078	3,50915750916
0,3092	3,58241758242	3,64102564103
0,3096	3,72893772894	3,76800976801
0,31	3,88034188034	3,90476190476
0,3104	4,01221001221	4,01709401709
0,3108	4,14896214896	4,14407814408
0,3112	4,28571428571	4,26129426129
0,3116	4,43223443223	4,38339438339
0,312	4,55433455433	4,48595848596
0,3124	4,67643467643	4,59340659341
0,3128	4,79853479853	4,69597069597
0,3132	4,92063492063	4,78876678877
0,3136	5,02808302808	4,88644688645
0,314	5,14041514042	4,97924297924
0,3144	5,25763125763	5,06715506716
0,3148	5,35531135531	5,1452991453
0,3152	5,45299145299	5,22344322344
0,3156	5,53601953602	5,29181929182
0,316	5,62881562882	5,35042735043
0,3164	5,70207570208	5,41391941392
0,3168	5,78998778999	5,47741147741
0,3172	5,86324786325	5,52136752137
0,3176	5,93162393162	5,57020757021
0,318	6	5,60927960928
0,3184	6,04884004884	5,6336996337
0,3188	6,09768009768	5,65811965812
0,3192	6,14163614164	5,67765567766
0,3196	6,18559218559	5,70207570208
0,32	6,21978021978	5,71672771673
0,3204	6,25396825397	5,71672771673
0,3208	6,27838827839	5,71672771673
0,3212	6,29792429792	5,71672771673
0,3216	6,30769230769	5,70695970696
0,322	6,31746031746	5,68253968254
0,3224	6,33211233211	5,67765567766
0,3228	6,32234432234	5,64346764347
0,3232	6,32234432234	5,61416361416
0,3236	6,29304029304	5,57020757021
0,324	6,27838827839	5,53113553114
0,3244	6,2442002442	5,47741147741
0,3248	6,21978021978	5,42368742369
0,3252	6,18070818071	5,37484737485
0,3256	6,1514041514	5,31135531136
0,326	6,10744810745	5,25274725275
0,3264	6,05860805861	5,16483516484
0,3268	6	5,09645909646
0,3272	5,93650793651	5,01343101343
0,3276	5,86324786325	4,92063492063
0,328	5,79487179487	4,82783882784
0,3284	5,71672771673	4,73504273504
0,3288	5,64346764347	4,64224664225
0,3292	5,55555555556	4,52503052503
0,3296	5,46275946276	4,42246642247
0,33	5,36507936508	4,30036630037
0,3304	5,25763125763	4,17826617827
0,3308	5,15506715507	4,06593406593
0,3312	5,04761904762	3,93894993895
0,3316	4,94505494505	3,81684981685
0,332	4,82783882784	3,68498168498
0,3324	4,70085470085	3,54822954823
0,3328	4,58363858364	3,40659340659
0,3332	4,44688644689	3,26495726496
0,3336	4,31501831502	3,11355311355
0,334	4,19291819292	2,9768009768
0,3344	4,06105006105	2,84004884005
0,3348	3,91941391941	2,68376068376
0,3352	3,77289377289	2,52747252747
0,3356	3,62637362637	2,37118437118
0,336	3,47496947497	2,21001221001
0,3364	3,32844932845	2,05372405372
0,3368	3,17216117216	1,88766788767
0,3372	3,03052503053	1,7264957265
0,3376	2,86935286935	1,57020757021
0,338	2,7032967033	1,40415140415
0,3384	2,54212454212	1,23321123321
0,3388	2,37606837607	1,06227106227
0,3392	2,21001221001	0,891330891331
0,3396	2,04395604396	0,725274725275
0,34	1,8778998779	0,559218559219
0,3404	1,71184371184	0,383394383394
0,3408	1,54578754579	0,212454212454
0,3412	1,36996336996	0,041514041514
0,3416	1,19902319902	-0,124542124542
0,342	1,0231990232	-0,30525030525
0,3424	0,857142857143	-0,471306471306
0,3428	0,681318681319	-0,642246642247
0,3432	0,515262515263	-0,803418803419
0,3436	0,344322344322	-0,964590964591
0,344	0,168498168498	-1,14041514042
0,3444	-0,01221001221	-1,31135531136
0,3448	-0,178266178266	-1,4822954823
0,3452	-0,349206349206	-1,64346764347
0,3456	-0,525030525031	-1,79975579976
0,346	-0,686202686203	-1,96581196581
0,3464	-0,857142857143	-2,1221001221
0,3468	-1,02808302808	-2,28327228327
0,3472	-1,19902319902	-2,43956043956
0,3476	-1,36507936508	-2,60561660562
0,348	-1,53113553114	-2,75702075702
0,3484	-1,69230769231	-2,91330891331
0,3488	-1,84371184371	-3,04517704518
0,3492	-2,00488400488	-3,19658119658
0,3496	-2,16605616606	-3,3431013431
0,35	-2,31746031746	-3,47985347985
0,3504	-2,47374847375	-3,62148962149
0,3508	-2,62515262515	-3,75335775336
0,3512	-2,76678876679	-3,88522588523
0,3516	-2,90842490842	-4,00244200244
0,352	-3,05006105006	-4,12942612943
0,3524	-3,1916971917	-4,25152625153
0,3528	-3,32356532357	-4,36385836386
0,3532	-3,45543345543	-4,48107448107
0,3536	-3,5873015873	-4,58852258852
0,354	-3,69963369963	-4,69108669109
0,3544	-3,81196581197	-4,78388278388
0,3548	-3,93894993895	-4,87667887668
0,3552	-4,0463980464	-4,96947496947
0,3556	-4,14896214896	-5,05738705739
0,356	-4,26617826618	-5,14041514042
0,3564	-4,35409035409	-5,21367521368
0,3568	-4,44688644689	-5,28205128205
0,3572	-4,52991452991	-5,35042735043
0,3576	-4,61294261294	-5,40415140415
0,358	-4,69108669109	-5,46275946276
0,3584	-4,76923076923	-5,5115995116
0,3588	-4,84249084249	-5,56532356532
0,3592	-4,90598290598	-5,59951159951
0,3596	-4,95970695971	-5,6336996337
0,36	-5,01343101343	-5,65811965812
0,3604	-5,05738705739	-5,68253968254
0,3608	-5,09645909646	-5,70695970696
0,3612	-5,13553113553	-5,72161172161
0,3616	-5,16971916972	-5,73137973138
0,362	-5,20390720391	-5,73626373626
0,3624	-5,22344322344	-5,73137973138
0,3628	-5,2380952381	-5,71672771673
0,3632	-5,24786324786	-5,70695970696
0,3636	-5,25763125763	-5,69719169719
0,364	-5,26251526252	-5,67277167277
0,3644	-5,25274725275	-5,64346764347
0,3648	-5,24786324786	-5,60927960928
0,3652	-5,22832722833	-5,57020757021
0,3656	-5,20390720391	-5,5115995116
0,366	-5,16971916972	-5,47252747253
0,3664	-5,1452991453	-5,42368742369
0,3668	-5,10622710623	-5,3601953602
0,3672	-5,07203907204	-5,30158730159
0,3676	-5,02808302808	-5,22832722833
0,368	-4,96947496947	-5,15506715507
0,3684	-4,91086691087	-5,07692307692
0,3688	-4,84249084249	-4,98901098901
0,3692	-4,778998779	-4,89133089133
0,3696	-4,70573870574	-4,8083028083
0,37	-4,62759462759	-4,71550671551
0,3704	-4,54456654457	-4,60317460317
0,3708	-4,45665445665	-4,50061050061
0,3712	-4,36385836386	-4,37851037851
0,3716	-4,25641025641	-4,26617826618
0,372	-4,15873015873	-4,14407814408
0,3724	-4,0463980464	-4,01709401709
0,3728	-3,93894993895	-3,89010989011
0,3732	-3,8315018315	-3,76312576313
0,3736	-3,70451770452	-3,63125763126
0,374	-3,57753357753	-3,48962148962
0,3744	-3,44566544567	-3,3431013431
0,3748	-3,3137973138	-3,19658119658
0,3752	-3,18192918193	-3,05494505495
0,3756	-3,04029304029	-2,89865689866
0,376	-2,90842490842	-2,74725274725
0,3764	-2,75213675214	-2,59096459096
0,3768	-2,60561660562	-2,42490842491
0,3772	-2,45421245421	-2,26373626374
0,3776	-2,29792429792	-2,10256410256
0,378	-2,14163614164	-1,94627594628
0,3784	-1,98046398046	-1,77045177045
0,3788	-1,82417582418	-1,60927960928
0,3792	-1,663003663	-1,43345543346
0,3796	-1,49694749695	-1,26251526252
0,38	-1,32600732601	-1,09157509158
0,3804	-1,15018315018	-0,920634920635
0,3808	-0,989010989011	-0,744810744811
0,3812	-0,813186813187	-0,573870573871
0,3816	-0,647130647131	-0,40293040293
0,382	-0,471306471306	-0,23199023199
0,3824	-0,300366300366	-0,0561660561661
0,3828	-0,124542124542	0,124542124542
0,3832	0,0512820512821	0,295482295482
0,3836	0,227106227106	0,466422466422
0,384	0,398046398046	0,642246642247
0,3844	0,568986568987	0,803418803419
0,3848	0,744810744811	0,979242979243
0,3852	0,920634920635	1,15018315018
0,3856	1,09645909646	1,32112332112
0,386	1,27228327228	1,49206349206
0,3864	1,44322344322	1,65811965812
0,3868	1,61904761905	1,81929181929
0,3872	1,7851037851	1,97557997558
0,3876	1,95604395604	2,14163614164
0,388	2,1221001221	2,29304029304
0,3884	2,28815628816	2,46398046398
0,3888	2,46398046398	2,62026862027
0,3892	2,62515262515	2,77167277167
0,3896	2,78632478632	2,91330891331
0,39	2,95238095238	3,05494505495
0,3904	3,0989010989	3,21123321123
0,3908	3,26007326007	3,3431013431
0,3912	3,41147741148	3,48962148962
0,3916	3,57264957265	3,63614163614
0,392	3,71916971917	3,75824175824
0,3924	3,86080586081	3,89010989011
0,3928	4,01221001221	4,00244200244
0,3932	4,13431013431	4,13431013431
0,3936	4,27594627595	4,25152625153
0,394	4,40781440781	4,36874236874
0,3944	4,54456654457	4,47619047619
0,3948	4,66666666667	4,59340659341
0,3952	4,79365079365	4,69108669109
0,3956	4,91086691087	4,78876678877
0,396	5,01343101343	4,87667887668
0,3964	5,13064713065	4,96947496947
0,3968	5,2380952381	5,05738705739
0,3972	5,34554334554	5,1452991453
0,3976	5,43833943834	5,21855921856
0,398	5,53113553114	5,28205128205
0,3984	5,62881562882	5,35042735043
0,3988	5,70207570208	5,40903540904
0,3992	5,77533577534	5,46275946276
0,3996	5,85347985348	5,5115995116
0,4	5,92185592186	5,56532356532
0,4004	5,99511599512	5,6043956044
0,4008	6,04395604396	5,6336996337
0,4012	6,09768009768	5,663003663
0,4016	6,14652014652	5,68742368742
0,402	6,18070818071	5,69719169719
0,4024	6,2148962149	5,71184371184
0,4028	6,24908424908	5,72161172161
0,4032	6,27838827839	5,7264957265
0,4036	6,29792429792	5,71672771673
0,404	6,31746031746	5,71184371184
0,4044	6,32234432234	5,68742368742
0,4048	6,33211233211	5,67277167277
0,4052	6,32234432234	5,64835164835
0,4056	6,30769230769	5,61904761905
0,406	6,30280830281	5,58485958486
0,4064	6,28327228327	5,53113553114
0,4068	6,25396825397	5,49206349206
0,4072	6,22954822955	5,42368742369
0,4076	6,18559218559	5,36996336996
0,408	6,14163614164	5,31135531136
0,4084	6,10744810745	5,25763125763
0,4088	6,05860805861	5,1746031746
0,4092	6,00488400488	5,10134310134
0,4096	5,93650793651	5,0231990232
0,41	5,87301587302	4,91575091575
0,4104	5,79487179487	4,83760683761
0,4108	5,7264957265	4,73992673993
0,4112	5,64346764347	4,64713064713
0,4116	5,56532356532	4,53968253968
0,412	5,46764346764	4,43223443223
0,4124	5,37973137973	4,31501831502
0,4128	5,27228327228	4,1978021978
0,4132	5,15995115995	4,07081807082
0,4136	5,06227106227	3,94871794872
0,414	4,94505494505	3,82173382173
0,4144	4,83760683761	3,69474969475
0,4148	4,71550671551	3,56288156288
0,4152	4,59340659341	3,41636141636
0,4156	4,46642246642	3,27960927961
0,416	4,33455433455	3,12820512821
0,4164	4,20268620269	2,99145299145
0,4168	4,06105006105	2,84493284493
0,4172	3,92918192918	2,69352869353
0,4176	3,79242979243	2,54700854701
0,418	3,63614163614	2,38583638584
0,4184	3,49450549451	2,22954822955
0,4188	3,33821733822	2,06349206349
0,4192	3,18681318681	1,90231990232
0,4196	3,03052503053	1,74603174603
0,42	2,87912087912	1,58485958486
0,4204	2,72283272283	1,41391941392
0,4208	2,55677655678	1,24786324786
0,4212	2,3956043956	1,07692307692
0,4216	2,21978021978	0,905982905983
0,422	2,04884004884	0,735042735043
0,4224	1,88766788767	0,568986568987
0,4228	1,7264957265	0,407814407814
0,4232	1,56043956044	0,227106227106
0,4236	1,38461538462	0,0512820512821
0,424	1,21367521368	-0,10989010989
0,4244	1,04273504274	-0,285714285714
0,4248	0,866910866911	-0,456654456654
0,4252	0,695970695971	-0,627594627595
0,4256	0,529914529915	-0,783882783883
0,426	0,35409035409	-0,954822954823
0,4264	0,18315018315	-1,13064713065
0,4268	0,01221001221	-1,2967032967
0,4272	-0,15873015873	-1,47252747253
0,4276	-0,339438339438	-1,6336996337
0,428	-0,505494505495	-1,79487179487
0,4284	-0,676434676435	-1,95115995116
0,4288	-0,842490842491	-2,11233211233
0,4292	-1,01343101343	-2,26862026862
0,4296	-1,18437118437	-2,42979242979
0,43	-1,35531135531	-2,59584859585
0,4304	-1,52136752137	-2,73748473748
0,4308	-1,68253968254	-2,89865689866
0,4312	-1,83882783883	-3,04029304029
0,4316	-1,99511599512	-3,18192918193
0,432	-2,1514041514	-3,32844932845
0,4324	-2,30769230769	-3,47008547009
0,4328	-2,46398046398	-3,62148962149
0,4332	-2,61538461538	-3,74358974359
0,4336	-2,7619047619	-3,87545787546
0,434	-2,90354090354	-3,99755799756
0,4344	-3,04029304029	-4,11965811966
0,4348	-3,17704517705	-4,24175824176
0,4352	-3,3137973138	-4,35409035409
0,4356	-3,4358974359	-4,46153846154
0,436	-3,57753357753	-4,58363858364
0,4364	-3,69963369963	-4,67643467643
0,4368	-3,81196581197	-4,778998779
0,4372	-3,92918192918	-4,86691086691
0,4376	-4,03663003663	-4,95970695971
0,438	-4,14407814408	-5,04273504274
0,4384	-4,24664224664	-5,12576312576
0,4388	-4,34920634921	-5,21367521368
0,4392	-4,442002442	-5,27716727717
0,4396	-4,52991452991	-5,34554334554
0,44	-4,61294261294	-5,39438339438
0,4404	-4,6862026862	-5,45787545788
0,4408	-4,75946275946	-5,5115995116
0,4412	-4,82783882784	-5,55555555556
0,4416	-4,9010989011	-5,59951159951
0,442	-4,95482295482	-5,6336996337
0,4424	-5,00854700855	-5,663003663
0,4428	-5,0525030525	-5,67765567766
0,4432	-5,09645909646	-5,70207570208
0,4436	-5,13553113553	-5,71184371184
0,444	-5,16971916972	-5,7264957265
0,4444	-5,19413919414	-5,73626373626
0,4448	-5,22832722833	-5,73137973138
0,4452	-5,2380952381	-5,72161172161
0,4456	-5,24297924298	-5,70695970696
0,446	-5,25763125763	-5,69719169719
0,4464	-5,25763125763	-5,67277167277
0,4468	-5,25274725275	-5,64346764347
0,4472	-5,2380952381	-5,61416361416
0,4476	-5,2380952381	-5,57509157509
0,448	-5,20879120879	-5,52625152625
0,4484	-5,18437118437	-5,47741147741
0,4488	-5,1452991453	-5,4188034188
0,4492	-5,11111111111	-5,3601953602
0,4496	-5,07203907204	-5,30158730159
0,45	-5,02808302808	-5,24297924298
0,4504	-4,97924297924	-5,16483516484
0,4508	-4,92063492063	-5,08180708181
0,4512	-4,84737484737	-4,99389499389
0,4516	-4,778998779	-4,9010989011
0,452	-4,71062271062	-4,8083028083
0,4524	-4,63247863248	-4,71550671551
0,4528	-4,55433455433	-4,61782661783
0,4532	-4,46642246642	-4,51037851038
0,4536	-4,37362637363	-4,39804639805
0,454	-4,27106227106	-4,27594627595
0,4544	-4,16361416361	-4,14896214896
0,4548	-4,05616605617	-4,03174603175
0,4552	-3,94383394383	-3,90476190476
0,4556	-3,8315018315	-3,77289377289
0,456	-3,71428571429	-3,64102564103
0,4564	-3,5873015873	-3,50427350427
0,4568	-3,46031746032	-3,35775335775
0,4572	-3,33333333333	-3,20146520147
0,4576	-3,1916971917	-3,05982905983
0,458	-3,05494505495	-2,90842490842
0,4584	-2,91330891331	-2,75213675214
0,4588	-2,77167277167	-2,6105006105
0,4592	-2,62515262515	-2,44932844933
0,4596	-2,46886446886	-2,27838827839
0,46	-2,31257631258	-2,10744810745
0,4604	-2,15628815629	-1,95115995116
0,4608	-1,99511599512	-1,7851037851
0,4612	-1,83882783883	-1,61904761905
0,4616	-1,68253968254	-1,45787545788
0,462	-1,5115995116	-1,28205128205
0,4624	-1,34554334554	-1,10622710623
0,4628	-1,16971916972	-0,925518925519
0,4632	-1,00366300366	-0,759462759463
0,4636	-0,832722832723	-0,583638583639
0,464	-0,661782661783	-0,412698412698
0,4644	-0,485958485958	-0,246642246642
0,4648	-0,315018315018	-0,0708180708181
0,4652	-0,139194139194	0,105006105006
0,4656	0,03663003663	0,285714285714
0,466	0,217338217338	0,456654456654
0,4664	0,383394383394	0,622710622711
0,4668	0,559218559219	0,793650793651
0,4672	0,730158730159	0,959706959707
0,4676	0,905982905983	1,13553113553
0,468	1,08180708181	1,30647130647
0,4684	1,2673992674	1,47741147741
0,4688	1,42857142857	1,64346764347
0,4692	1,59462759463	1,79975579976
0,4696	1,78021978022	1,9706959707
0,47	1,93650793651	2,1221001221
0,4704	2,11233211233	2,28327228327
0,4708	2,2735042735	2,43956043956
0,4712	2,44932844933	2,60073260073
0,4716	2,6105006105	2,75702075702
0,472	2,77655677656	2,90842490842
0,4724	2,93772893773	3,05982905983
0,4728	3,09401709402	3,20146520147
0,4732	3,24542124542	3,33333333333
0,4736	3,40170940171	3,47496947497
0,474	3,557997558	3,61660561661
0,4744	3,70451770452	3,74847374847
0,4748	3,84615384615	3,88522588523
0,4752	3,98778998779	4,00244200244
0,4756	4,12942612943	4,12942612943
0,476	4,26617826618	4,24175824176
0,4764	4,39804639805	4,35409035409
0,4768	4,52991452991	4,47619047619
0,4772	4,6568986569	4,57387057387
0,4776	4,78388278388	4,68131868132
0,478	4,89621489621	4,78388278388
0,4784	5,01343101343	4,87179487179
0,4788	5,12087912088	4,95970695971
0,4792	5,22832722833	5,04761904762
0,4796	5,33089133089	5,13064713065
0,48	5,43345543346	5,20879120879
0,4804	5,53113553114	5,28205128205
0,4808	5,61416361416	5,34554334554
0,4812	5,70207570208	5,40415140415
0,4816	5,77533577534	5,45299145299
0,482	5,84371184371	5,51648351648
0,4824	5,91208791209	5,55555555556
0,4828	5,98534798535	5,6043956044
0,4832	6,03907203907	5,6336996337
0,4836	6,0927960928	5,65811965812
0,484	6,13675213675	5,68742368742
0,4844	6,17582417582	5,68742368742
0,4848	6,2148962149	5,71184371184
0,4852	6,24908424908	5,72161172161
0,4856	6,27838827839	5,73137973138
0,486	6,29792429792	5,71184371184
0,4864	6,31257631258	5,71184371184
0,4868	6,32234432234	5,69719169719
0,4872	6,33211233211	5,67765567766
0,4876	6,32234432234	5,64835164835
0,488	6,31257631258	5,61904761905
0,4884	6,30280830281	5,57997557998
0,4888	6,28327228327	5,53601953602
0,4892	6,25885225885	5,49694749695
0,4896	6,22466422466	5,43833943834
0,49	6,18559218559	5,36996336996
0,4904	6,15628815629	5,32112332112
0,4908	6,11233211233	5,25274725275
0,4912	6,05860805861	5,17948717949
0,4916	6,00976800977	5,11111111111
0,492	5,94627594628	5,02808302808
0,4924	5,8778998779	4,94017094017
0,4928	5,80952380952	4,84737484737
0,4932	5,73137973138	4,74481074481
0,4936	5,65811965812	4,65201465201
0,494	5,57020757021	4,54456654457
0,4944	5,47741147741	4,44688644689
0,4948	5,37484737485	4,32478632479
0,4952	5,28693528694	4,20757020757
0,4956	5,18437118437	4,09035409035
0,496	5,06715506716	3,9536019536
0,4964	4,95482295482	3,8315018315
0,4968	4,84249084249	3,70451770452
0,4972	4,72527472527	3,57264957265
0,4976	4,60317460317	3,43101343101
0,498	4,48107448107	3,28937728938
0,4984	4,34920634921	3,14774114774
0,4988	4,20757020757	2,99633699634
0,4992	4,0757020757	2,8547008547
0,4996	3,93406593407	2,7032967033
0,5	3,79731379731	2,56166056166
