-4.000000000000000000e+01 9.000000000000000000e+01
-3.884057971014492949e+01 9.900000000000000000e+01
-3.768115942028985188e+01 9.800000000000000000e+01
-3.652173913043478137e+01 1.210000000000000000e+02
-3.536231884057971087e+01 1.070000000000000000e+02
-3.420289855072464036e+01 1.150000000000000000e+02
-3.304347826086956275e+01 8.900000000000000000e+01
-3.188405797101449224e+01 9.500000000000000000e+01
-3.072463768115942173e+01 1.090000000000000000e+02
-2.956521739130434767e+01 9.600000000000000000e+01
-2.840579710144927361e+01 8.600000000000000000e+01
-2.724637681159420310e+01 1.070000000000000000e+02
-2.608695652173912904e+01 8.000000000000000000e+01
-2.492753623188405498e+01 9.800000000000000000e+01
-2.376811594202898448e+01 1.080000000000000000e+02
-2.260869565217391397e+01 1.030000000000000000e+02
-2.144927536231883991e+01 9.300000000000000000e+01
-2.028985507246376585e+01 8.200000000000000000e+01
-1.913043478260869534e+01 8.300000000000000000e+01
-1.797101449275362128e+01 8.300000000000000000e+01
-1.681159420289855078e+01 1.120000000000000000e+02
-1.565217391304347672e+01 1.060000000000000000e+02
-1.449275362318840621e+01 9.200000000000000000e+01
-1.333333333333333215e+01 1.110000000000000000e+02
-1.217391304347825809e+01 9.800000000000000000e+01
-1.101449275362318758e+01 1.020000000000000000e+02
-9.855072463768113522e+00 1.160000000000000000e+02
-8.695652173913043015e+00 1.120000000000000000e+02
-7.536231884057968955e+00 1.050000000000000000e+02
-6.376811594202898448e+00 1.370000000000000000e+02
-5.217391304347827941e+00 1.220000000000000000e+02
-4.057971014492750328e+00 1.260000000000000000e+02
-2.898550724637679821e+00 1.410000000000000000e+02
-1.739130434782609314e+00 1.770000000000000000e+02
-5.797101449275317009e-01 1.890000000000000000e+02
5.797101449275388063e-01 2.080000000000000000e+02
1.739130434782609314e+00 1.770000000000000000e+02
2.898550724637679821e+00 1.480000000000000000e+02
4.057971014492757433e+00 1.160000000000000000e+02
5.217391304347827941e+00 1.130000000000000000e+02
6.376811594202898448e+00 1.070000000000000000e+02
7.536231884057976060e+00 1.150000000000000000e+02
8.695652173913046568e+00 1.020000000000000000e+02
9.855072463768117075e+00 1.180000000000000000e+02
1.101449275362318758e+01 1.030000000000000000e+02
1.217391304347826519e+01 9.800000000000000000e+01
1.333333333333333570e+01 9.900000000000000000e+01
1.449275362318840621e+01 9.600000000000000000e+01
1.565217391304348382e+01 1.060000000000000000e+02
1.681159420289855433e+01 1.030000000000000000e+02
1.797101449275362484e+01 9.900000000000000000e+01
1.913043478260869534e+01 1.020000000000000000e+02
2.028985507246377296e+01 1.080000000000000000e+02
2.144927536231884346e+01 1.010000000000000000e+02
2.260869565217391397e+01 1.000000000000000000e+02
2.376811594202898448e+01 1.130000000000000000e+02
2.492753623188406209e+01 1.030000000000000000e+02
2.608695652173913970e+01 1.170000000000000000e+02
2.724637681159420310e+01 1.200000000000000000e+02
2.840579710144928072e+01 9.800000000000000000e+01
2.956521739130434412e+01 1.030000000000000000e+02
3.072463768115942173e+01 1.020000000000000000e+02
3.188405797101449934e+01 1.070000000000000000e+02
3.304347826086956275e+01 1.010000000000000000e+02
3.420289855072464036e+01 9.600000000000000000e+01
3.536231884057971797e+01 1.020000000000000000e+02
3.652173913043478137e+01 1.050000000000000000e+02
3.768115942028985899e+01 9.200000000000000000e+01
3.884057971014493660e+01 1.090000000000000000e+02
4.000000000000000000e+01 1.000000000000000000e+02
